0 0 0
21 42 35
73 80 3
114 59 57
63 13 41
9 15 48
127 60 22
36 19 38
20 67 17
17 49 61
6 58 40
9 80 52
102 105 20
57 50 11
12 69 60
100 55 56
19 85 19
126 110 36
39 53 31
28 63 29
28 110 4
85 1 48
26 27 7
18 97 36
13 103 44
86 79 35
102 105 17
42 54 62
122 51 42
38 69 2
115 115 6
118 62 0
4 95 23
100 109 48
102 87 3
18 87 63
38 124 28
31 111 35
96 111 8
111 117 61
86 100 42
2 121 8
38 101 58
11 32 33
17 25 17
40 19 10
60 98 32
12 84 49
19 125 48
114 111 49
126 25 58
104 8 30
91 3 49
80 90 38
55 78 26
17 63 16
101 13 12
103 119 43
89 62 46
34 19 18
126 29 20
32 35 4
32 55 42
124 52 41
46 117 40
14 61 6
9 16 39
75 25 1
63 61 10
47 14 8
67 50 56
49 83 9
120 114 35
24 109 51
18 91 48
84 3 11
25 118 57
27 107 11
40 71 5
72 60 60
7 68 14
4 76 16
77 63 39
116 105 14
107 88 57
4 8 23
100 68 47
87 75 55
79 38 22
47 104 37
43 58 49
114 123 12
120 18 1
127 96 14
39 6 11
120 21 51
31 23 13
63 31 16
76 71 21
121 83 38
103 44 0
51 55 31
25 123 57
47 49 35
100 95 60
77 80 16
32 30 0
102 65 32
102 59 24
104 27 26
60 18 6
91 51 15
116 9 28
47 57 54
96 26 51
107 57 1
67 126 19
6 62 45
33 78 23
39 94 44
16 92 38
94 9 29
59 17 15
80 120 54
82 18 42
0 29 51
64 70 56
9 86 8
3 75 40
34 45 23
64 73 44
43 45 16
44 86 59
98 66 14
103 92 14
84 83 38
127 79 55
41 51 28
119 40 1
92 45 46
51 64 34
87 95 28
56 28 37
40 87 47
26 69 36
31 78 41
88 107 33
95 87 17
124 103 55
83 103 46
76 58 26
92 124 58
91 24 24
6 107 25
0 92 41
27 123 4
63 100 42
40 36 39
85 16 5
51 105 28
28 1 30
74 100 59
30 52 0
122 47 28
108 85 44
127 95 61
118 82 32
5 26 26
99 13 15
36 43 18
111 30 59
24 7 4
52 0 56
39 4 53
17 40 2
120 102 40
46 38 24
34 22 33
110 7 48
103 118 16
106 93 9
19 109 36
68 51 6
51 26 35
37 13 50
11 42 14
23 108 12
67 48 20
99 92 62
84 126 3
69 35 27
34 46 33
17 48 16
97 11 1
90 21 30
15 112 45
45 23 52
7 11 2
123 100 9
55 120 13
