##TITLE= reburp, 1.1088ms, 0.433352 W
##JCAMP-DX= 5.00 Bruker JCAMP library 
##DATA TYPE= Shape Data 
##ORIGIN= Bruker BioSpin GmbH 
##OWNER= <WaveMaker> 
##DATE= Jun 13 2022 
##TIME= 13:59:32 
##$SHAPE_PARAMETERS= Type: reburp
##MINX= 0.059406 
##MAXX= 100.000000 
##MINY= 0.000000 
##MAXY= 180.000000 
##$SHAPE_EXMODE= Refocussing
##$SHAPE_TOTROT= 176.40 
##$SHAPE_TYPE= Refocussing
##$SHAPE_USER_DEF= Tp=1108.8000 us, gB1max=5557.4 Hz, f1=-6597.3 Hz, f2=6597.3 Hz
##$SHAPE_REPHFAC= 
##$SHAPE_BWFAC= 4.877 
##$SHAPE_BWFAC50= 
##$SHAPE_INTEGFAC= 0.079520 
##$SHAPE_MODE= 0 
##NPOINTS= 504 
##XYPOINTS= (XY..XY) 
7.493936e+00,  1.800000e+02 
7.481880e+00,  1.800000e+02 
7.445945e+00,  1.800000e+02 
7.386813e+00,  1.800000e+02 
7.305604e+00,  1.800000e+02 
7.203838e+00,  1.800000e+02 
7.083393e+00,  1.800000e+02 
6.946455e+00,  1.800000e+02 
6.795448e+00,  1.800000e+02 
6.632974e+00,  1.800000e+02 
6.461731e+00,  1.800000e+02 
6.284445e+00,  1.800000e+02 
6.103787e+00,  1.800000e+02 
5.922303e+00,  1.800000e+02 
5.742346e+00,  1.800000e+02 
5.566007e+00,  1.800000e+02 
5.395067e+00,  1.800000e+02 
5.230947e+00,  1.800000e+02 
5.074675e+00,  1.800000e+02 
4.926864e+00,  1.800000e+02 
4.787706e+00,  1.800000e+02 
4.656967e+00,  1.800000e+02 
4.534010e+00,  1.800000e+02 
4.417818e+00,  1.800000e+02 
4.307036e+00,  1.800000e+02 
4.200014e+00,  1.800000e+02 
4.094866e+00,  1.800000e+02 
3.989532e+00,  1.800000e+02 
3.881845e+00,  1.800000e+02 
3.769595e+00,  1.800000e+02 
3.650606e+00,  1.800000e+02 
3.522794e+00,  1.800000e+02 
3.384237e+00,  1.800000e+02 
3.233228e+00,  1.800000e+02 
3.068327e+00,  1.800000e+02 
2.888400e+00,  1.800000e+02 
2.692654e+00,  1.800000e+02 
2.480650e+00,  1.800000e+02 
2.252322e+00,  1.800000e+02 
2.007967e+00,  1.800000e+02 
1.748237e+00,  1.800000e+02 
1.474116e+00,  1.800000e+02 
1.186888e+00,  1.800000e+02 
8.880923e-01,  1.800000e+02 
5.794845e-01,  1.800000e+02 
2.629785e-01,  1.800000e+02 
5.940619e-02,  0.000000e+00 
3.856016e-01,  0.000000e+00 
7.135478e-01,  0.000000e+00 
1.041248e+00,  0.000000e+00 
1.366816e+00,  0.000000e+00 
1.688529e+00,  0.000000e+00 
2.004856e+00,  0.000000e+00 
2.314500e+00,  0.000000e+00 
2.616412e+00,  0.000000e+00 
2.909811e+00,  0.000000e+00 
3.194187e+00,  0.000000e+00 
3.469295e+00,  0.000000e+00 
3.735146e+00,  0.000000e+00 
3.991983e+00,  0.000000e+00 
4.240256e+00,  0.000000e+00 
4.480585e+00,  0.000000e+00 
4.713726e+00,  0.000000e+00 
4.940525e+00,  0.000000e+00 
5.161876e+00,  0.000000e+00 
5.378680e+00,  0.000000e+00 
5.591798e+00,  0.000000e+00 
5.802012e+00,  0.000000e+00 
6.009992e+00,  0.000000e+00 
6.216258e+00,  0.000000e+00 
6.421163e+00,  0.000000e+00 
6.624865e+00,  0.000000e+00 
6.827323e+00,  0.000000e+00 
7.028286e+00,  0.000000e+00 
7.227299e+00,  0.000000e+00 
7.423711e+00,  0.000000e+00 
7.616690e+00,  0.000000e+00 
7.805246e+00,  0.000000e+00 
7.988255e+00,  0.000000e+00 
8.164491e+00,  0.000000e+00 
8.332659e+00,  0.000000e+00 
8.491425e+00,  0.000000e+00 
8.639455e+00,  0.000000e+00 
8.775448e+00,  0.000000e+00 
8.898165e+00,  0.000000e+00 
9.006461e+00,  0.000000e+00 
9.099305e+00,  0.000000e+00 
9.175809e+00,  0.000000e+00 
9.235233e+00,  0.000000e+00 
9.277005e+00,  0.000000e+00 
9.300717e+00,  0.000000e+00 
9.306129e+00,  0.000000e+00 
9.293162e+00,  0.000000e+00 
9.261889e+00,  0.000000e+00 
9.212514e+00,  0.000000e+00 
9.145361e+00,  0.000000e+00 
9.060849e+00,  0.000000e+00 
8.959470e+00,  0.000000e+00 
8.841764e+00,  0.000000e+00 
8.708300e+00,  0.000000e+00 
8.559648e+00,  0.000000e+00 
8.396362e+00,  0.000000e+00 
8.218960e+00,  0.000000e+00 
8.027911e+00,  0.000000e+00 
7.823619e+00,  0.000000e+00 
7.606421e+00,  0.000000e+00 
7.376578e+00,  0.000000e+00 
7.134277e+00,  0.000000e+00 
6.879636e+00,  0.000000e+00 
6.612708e+00,  0.000000e+00 
6.333497e+00,  0.000000e+00 
6.041963e+00,  0.000000e+00 
5.738043e+00,  0.000000e+00 
5.421663e+00,  0.000000e+00 
5.092756e+00,  0.000000e+00 
4.751277e+00,  0.000000e+00 
4.397216e+00,  0.000000e+00 
4.030618e+00,  0.000000e+00 
3.651583e+00,  0.000000e+00 
3.260288e+00,  0.000000e+00 
2.856980e+00,  0.000000e+00 
2.441989e+00,  0.000000e+00 
2.015723e+00,  0.000000e+00 
1.578663e+00,  0.000000e+00 
1.131363e+00,  0.000000e+00 
6.744371e-01,  0.000000e+00 
2.085490e-01,  0.000000e+00 
2.655971e-01,  1.800000e+02 
7.472713e-01,  1.800000e+02 
1.235730e+00,  1.800000e+02 
1.730229e+00,  1.800000e+02 
2.230037e+00,  1.800000e+02 
2.734440e+00,  1.800000e+02 
3.242759e+00,  1.800000e+02 
3.754346e+00,  1.800000e+02 
4.268595e+00,  1.800000e+02 
4.784939e+00,  1.800000e+02 
5.302846e+00,  1.800000e+02 
5.821818e+00,  1.800000e+02 
6.341377e+00,  1.800000e+02 
6.861061e+00,  1.800000e+02 
7.380407e+00,  1.800000e+02 
7.898941e+00,  1.800000e+02 
8.416160e+00,  1.800000e+02 
8.931519e+00,  1.800000e+02 
9.444419e+00,  1.800000e+02 
9.954189e+00,  1.800000e+02 
1.046008e+01,  1.800000e+02 
1.096125e+01,  1.800000e+02 
1.145677e+01,  1.800000e+02 
1.194560e+01,  1.800000e+02 
1.242660e+01,  1.800000e+02 
1.289856e+01,  1.800000e+02 
1.336014e+01,  1.800000e+02 
1.380996e+01,  1.800000e+02 
1.424654e+01,  1.800000e+02 
1.466839e+01,  1.800000e+02 
1.507395e+01,  1.800000e+02 
1.546167e+01,  1.800000e+02 
1.582999e+01,  1.800000e+02 
1.617741e+01,  1.800000e+02 
1.650242e+01,  1.800000e+02 
1.680363e+01,  1.800000e+02 
1.707970e+01,  1.800000e+02 
1.732937e+01,  1.800000e+02 
1.755151e+01,  1.800000e+02 
1.774508e+01,  1.800000e+02 
1.790915e+01,  1.800000e+02 
1.804290e+01,  1.800000e+02 
1.814561e+01,  1.800000e+02 
1.821664e+01,  1.800000e+02 
1.825544e+01,  1.800000e+02 
1.826152e+01,  1.800000e+02 
1.823443e+01,  1.800000e+02 
1.817374e+01,  1.800000e+02 
1.807903e+01,  1.800000e+02 
1.794985e+01,  1.800000e+02 
1.778573e+01,  1.800000e+02 
1.758613e+01,  1.800000e+02 
1.735044e+01,  1.800000e+02 
1.707795e+01,  1.800000e+02 
1.676789e+01,  1.800000e+02 
1.641937e+01,  1.800000e+02 
1.603138e+01,  1.800000e+02 
1.560286e+01,  1.800000e+02 
1.513261e+01,  1.800000e+02 
1.461940e+01,  1.800000e+02 
1.406192e+01,  1.800000e+02 
1.345880e+01,  1.800000e+02 
1.280868e+01,  1.800000e+02 
1.211020e+01,  1.800000e+02 
1.136200e+01,  1.800000e+02 
1.056280e+01,  1.800000e+02 
9.711375e+00,  1.800000e+02 
8.806604e+00,  1.800000e+02 
7.847469e+00,  1.800000e+02 
6.833077e+00,  1.800000e+02 
5.762668e+00,  1.800000e+02 
4.635620e+00,  1.800000e+02 
3.451449e+00,  1.800000e+02 
2.209801e+00,  1.800000e+02 
9.104471e-01,  1.800000e+02 
4.467323e-01,  0.000000e+00 
1.861766e+00,  0.000000e+00 
3.334608e+00,  0.000000e+00 
4.865165e+00,  0.000000e+00 
6.453308e+00,  0.000000e+00 
8.098903e+00,  0.000000e+00 
9.801823e+00,  0.000000e+00 
1.156196e+01,  0.000000e+00 
1.337925e+01,  0.000000e+00 
1.525364e+01,  0.000000e+00 
1.718512e+01,  0.000000e+00 
1.917371e+01,  0.000000e+00 
2.121939e+01,  0.000000e+00 
2.332213e+01,  0.000000e+00 
2.548181e+01,  0.000000e+00 
2.769819e+01,  0.000000e+00 
2.997082e+01,  0.000000e+00 
3.229901e+01,  0.000000e+00 
3.468175e+01,  0.000000e+00 
3.711762e+01,  0.000000e+00 
3.960470e+01,  0.000000e+00 
4.214055e+01,  0.000000e+00 
4.472204e+01,  0.000000e+00 
4.734536e+01,  0.000000e+00 
5.000591e+01,  0.000000e+00 
5.269824e+01,  0.000000e+00 
5.541604e+01,  0.000000e+00 
5.815207e+01,  0.000000e+00 
6.089816e+01,  0.000000e+00 
6.364522e+01,  0.000000e+00 
6.638326e+01,  0.000000e+00 
6.910142e+01,  0.000000e+00 
7.178804e+01,  0.000000e+00 
7.443076e+01,  0.000000e+00 
7.701659e+01,  0.000000e+00 
7.953205e+01,  0.000000e+00 
8.196329e+01,  0.000000e+00 
8.429630e+01,  0.000000e+00 
8.651698e+01,  0.000000e+00 
8.861140e+01,  0.000000e+00 
9.056594e+01,  0.000000e+00 
9.236748e+01,  0.000000e+00 
9.400359e+01,  0.000000e+00 
9.546270e+01,  0.000000e+00 
9.673424e+01,  0.000000e+00 
9.780888e+01,  0.000000e+00 
9.867857e+01,  0.000000e+00 
9.933673e+01,  0.000000e+00 
9.977834e+01,  0.000000e+00 
1.000000e+02,  0.000000e+00 
1.000000e+02,  0.000000e+00 
9.977834e+01,  0.000000e+00 
9.933673e+01,  0.000000e+00 
9.867857e+01,  0.000000e+00 
9.780888e+01,  0.000000e+00 
9.673424e+01,  0.000000e+00 
9.546270e+01,  0.000000e+00 
9.400359e+01,  0.000000e+00 
9.236748e+01,  0.000000e+00 
9.056594e+01,  0.000000e+00 
8.861140e+01,  0.000000e+00 
8.651698e+01,  0.000000e+00 
8.429630e+01,  0.000000e+00 
8.196329e+01,  0.000000e+00 
7.953205e+01,  0.000000e+00 
7.701659e+01,  0.000000e+00 
7.443076e+01,  0.000000e+00 
7.178804e+01,  0.000000e+00 
6.910142e+01,  0.000000e+00 
6.638326e+01,  0.000000e+00 
6.364522e+01,  0.000000e+00 
6.089816e+01,  0.000000e+00 
5.815207e+01,  0.000000e+00 
5.541604e+01,  0.000000e+00 
5.269824e+01,  0.000000e+00 
5.000591e+01,  0.000000e+00 
4.734536e+01,  0.000000e+00 
4.472204e+01,  0.000000e+00 
4.214055e+01,  0.000000e+00 
3.960470e+01,  0.000000e+00 
3.711762e+01,  0.000000e+00 
3.468175e+01,  0.000000e+00 
3.229901e+01,  0.000000e+00 
2.997082e+01,  0.000000e+00 
2.769819e+01,  0.000000e+00 
2.548181e+01,  0.000000e+00 
2.332213e+01,  0.000000e+00 
2.121939e+01,  0.000000e+00 
1.917371e+01,  0.000000e+00 
1.718512e+01,  0.000000e+00 
1.525364e+01,  0.000000e+00 
1.337925e+01,  0.000000e+00 
1.156196e+01,  0.000000e+00 
9.801823e+00,  0.000000e+00 
8.098903e+00,  0.000000e+00 
6.453308e+00,  0.000000e+00 
4.865165e+00,  0.000000e+00 
3.334608e+00,  0.000000e+00 
1.861766e+00,  0.000000e+00 
4.467323e-01,  0.000000e+00 
9.104471e-01,  1.800000e+02 
2.209801e+00,  1.800000e+02 
3.451449e+00,  1.800000e+02 
4.635620e+00,  1.800000e+02 
5.762668e+00,  1.800000e+02 
6.833077e+00,  1.800000e+02 
7.847469e+00,  1.800000e+02 
8.806604e+00,  1.800000e+02 
9.711375e+00,  1.800000e+02 
1.056280e+01,  1.800000e+02 
1.136200e+01,  1.800000e+02 
1.211020e+01,  1.800000e+02 
1.280868e+01,  1.800000e+02 
1.345880e+01,  1.800000e+02 
1.406192e+01,  1.800000e+02 
1.461940e+01,  1.800000e+02 
1.513261e+01,  1.800000e+02 
1.560286e+01,  1.800000e+02 
1.603138e+01,  1.800000e+02 
1.641937e+01,  1.800000e+02 
1.676789e+01,  1.800000e+02 
1.707795e+01,  1.800000e+02 
1.735044e+01,  1.800000e+02 
1.758613e+01,  1.800000e+02 
1.778573e+01,  1.800000e+02 
1.794985e+01,  1.800000e+02 
1.807903e+01,  1.800000e+02 
1.817374e+01,  1.800000e+02 
1.823443e+01,  1.800000e+02 
1.826152e+01,  1.800000e+02 
1.825544e+01,  1.800000e+02 
1.821664e+01,  1.800000e+02 
1.814561e+01,  1.800000e+02 
1.804290e+01,  1.800000e+02 
1.790915e+01,  1.800000e+02 
1.774508e+01,  1.800000e+02 
1.755151e+01,  1.800000e+02 
1.732937e+01,  1.800000e+02 
1.707970e+01,  1.800000e+02 
1.680363e+01,  1.800000e+02 
1.650242e+01,  1.800000e+02 
1.617741e+01,  1.800000e+02 
1.582999e+01,  1.800000e+02 
1.546167e+01,  1.800000e+02 
1.507395e+01,  1.800000e+02 
1.466839e+01,  1.800000e+02 
1.424654e+01,  1.800000e+02 
1.380996e+01,  1.800000e+02 
1.336014e+01,  1.800000e+02 
1.289856e+01,  1.800000e+02 
1.242660e+01,  1.800000e+02 
1.194560e+01,  1.800000e+02 
1.145677e+01,  1.800000e+02 
1.096125e+01,  1.800000e+02 
1.046008e+01,  1.800000e+02 
9.954189e+00,  1.800000e+02 
9.444419e+00,  1.800000e+02 
8.931519e+00,  1.800000e+02 
8.416160e+00,  1.800000e+02 
7.898941e+00,  1.800000e+02 
7.380407e+00,  1.800000e+02 
6.861061e+00,  1.800000e+02 
6.341377e+00,  1.800000e+02 
5.821818e+00,  1.800000e+02 
5.302846e+00,  1.800000e+02 
4.784939e+00,  1.800000e+02 
4.268595e+00,  1.800000e+02 
3.754346e+00,  1.800000e+02 
3.242759e+00,  1.800000e+02 
2.734440e+00,  1.800000e+02 
2.230037e+00,  1.800000e+02 
1.730229e+00,  1.800000e+02 
1.235730e+00,  1.800000e+02 
7.472713e-01,  1.800000e+02 
2.655971e-01,  1.800000e+02 
2.085490e-01,  0.000000e+00 
6.744371e-01,  0.000000e+00 
1.131363e+00,  0.000000e+00 
1.578663e+00,  0.000000e+00 
2.015723e+00,  0.000000e+00 
2.441989e+00,  0.000000e+00 
2.856980e+00,  0.000000e+00 
3.260288e+00,  0.000000e+00 
3.651583e+00,  0.000000e+00 
4.030618e+00,  0.000000e+00 
4.397216e+00,  0.000000e+00 
4.751277e+00,  0.000000e+00 
5.092756e+00,  0.000000e+00 
5.421663e+00,  0.000000e+00 
5.738043e+00,  0.000000e+00 
6.041963e+00,  0.000000e+00 
6.333497e+00,  0.000000e+00 
6.612708e+00,  0.000000e+00 
6.879636e+00,  0.000000e+00 
7.134277e+00,  0.000000e+00 
7.376578e+00,  0.000000e+00 
7.606421e+00,  0.000000e+00 
7.823619e+00,  0.000000e+00 
8.027911e+00,  0.000000e+00 
8.218960e+00,  0.000000e+00 
8.396362e+00,  0.000000e+00 
8.559648e+00,  0.000000e+00 
8.708300e+00,  0.000000e+00 
8.841764e+00,  0.000000e+00 
8.959470e+00,  0.000000e+00 
9.060849e+00,  0.000000e+00 
9.145361e+00,  0.000000e+00 
9.212514e+00,  0.000000e+00 
9.261889e+00,  0.000000e+00 
9.293162e+00,  0.000000e+00 
9.306129e+00,  0.000000e+00 
9.300717e+00,  0.000000e+00 
9.277005e+00,  0.000000e+00 
9.235233e+00,  0.000000e+00 
9.175809e+00,  0.000000e+00 
9.099305e+00,  0.000000e+00 
9.006461e+00,  0.000000e+00 
8.898165e+00,  0.000000e+00 
8.775448e+00,  0.000000e+00 
8.639455e+00,  0.000000e+00 
8.491425e+00,  0.000000e+00 
8.332659e+00,  0.000000e+00 
8.164491e+00,  0.000000e+00 
7.988255e+00,  0.000000e+00 
7.805246e+00,  0.000000e+00 
7.616690e+00,  0.000000e+00 
7.423711e+00,  0.000000e+00 
7.227299e+00,  0.000000e+00 
7.028286e+00,  0.000000e+00 
6.827323e+00,  0.000000e+00 
6.624865e+00,  0.000000e+00 
6.421163e+00,  0.000000e+00 
6.216258e+00,  0.000000e+00 
6.009992e+00,  0.000000e+00 
5.802012e+00,  0.000000e+00 
5.591798e+00,  0.000000e+00 
5.378680e+00,  0.000000e+00 
5.161876e+00,  0.000000e+00 
4.940525e+00,  0.000000e+00 
4.713726e+00,  0.000000e+00 
4.480585e+00,  0.000000e+00 
4.240256e+00,  0.000000e+00 
3.991983e+00,  0.000000e+00 
3.735146e+00,  0.000000e+00 
3.469295e+00,  0.000000e+00 
3.194187e+00,  0.000000e+00 
2.909811e+00,  0.000000e+00 
2.616412e+00,  0.000000e+00 
2.314500e+00,  0.000000e+00 
2.004856e+00,  0.000000e+00 
1.688529e+00,  0.000000e+00 
1.366816e+00,  0.000000e+00 
1.041248e+00,  0.000000e+00 
7.135478e-01,  0.000000e+00 
3.856016e-01,  0.000000e+00 
5.940619e-02,  0.000000e+00 
2.629785e-01,  1.800000e+02 
5.794845e-01,  1.800000e+02 
8.880923e-01,  1.800000e+02 
1.186888e+00,  1.800000e+02 
1.474116e+00,  1.800000e+02 
1.748237e+00,  1.800000e+02 
2.007967e+00,  1.800000e+02 
2.252322e+00,  1.800000e+02 
2.480650e+00,  1.800000e+02 
2.692654e+00,  1.800000e+02 
2.888400e+00,  1.800000e+02 
3.068327e+00,  1.800000e+02 
3.233228e+00,  1.800000e+02 
3.384237e+00,  1.800000e+02 
3.522794e+00,  1.800000e+02 
3.650606e+00,  1.800000e+02 
3.769595e+00,  1.800000e+02 
3.881845e+00,  1.800000e+02 
3.989532e+00,  1.800000e+02 
4.094866e+00,  1.800000e+02 
4.200014e+00,  1.800000e+02 
4.307036e+00,  1.800000e+02 
4.417818e+00,  1.800000e+02 
4.534010e+00,  1.800000e+02 
4.656967e+00,  1.800000e+02 
4.787706e+00,  1.800000e+02 
4.926864e+00,  1.800000e+02 
5.074675e+00,  1.800000e+02 
5.230947e+00,  1.800000e+02 
5.395067e+00,  1.800000e+02 
5.566007e+00,  1.800000e+02 
5.742346e+00,  1.800000e+02 
5.922303e+00,  1.800000e+02 
6.103787e+00,  1.800000e+02 
6.284445e+00,  1.800000e+02 
6.461731e+00,  1.800000e+02 
6.632974e+00,  1.800000e+02 
6.795448e+00,  1.800000e+02 
6.946455e+00,  1.800000e+02 
7.083393e+00,  1.800000e+02 
7.203838e+00,  1.800000e+02 
7.305604e+00,  1.800000e+02 
7.386813e+00,  1.800000e+02 
7.445945e+00,  1.800000e+02 
7.481880e+00,  1.800000e+02 
7.493936e+00,  1.800000e+02 
##END 
