##TITLE= e400b, 1.0731ms, 0.184537 W
##JCAMP-DX= 5.00 Bruker JCAMP library 
##DATA TYPE= Shape Data 
##ORIGIN= Bruker BioSpin GmbH 
##OWNER= <WaveMaker> 
##DATE= Jun 13 2022 
##TIME= 13:59:32 
##$SHAPE_PARAMETERS= Type: e400b
##MINX= 0.011140 
##MAXX= 100.000000 
##MINY= 0.000000 
##MAXY= 180.000000 
##$SHAPE_EXMODE= Excitation
##$SHAPE_TOTROT= 83.20 
##$SHAPE_TYPE= Excitation
##$SHAPE_USER_DEF= Tp=1073.1000 us, gB1max=3626.5 Hz, f1=-6597.3 Hz, f2=6597.3 Hz
##$SHAPE_REPHFAC= 
##$SHAPE_BWFAC= 4.720 
##$SHAPE_BWFAC50= 
##$SHAPE_INTEGFAC= 0.059387 
##$SHAPE_MODE= 0 
##NPOINTS= 511 
##XYPOINTS= (XY..XY) 
4.120882e-01,  0.000000e+00 
5.039144e-01,  0.000000e+00 
6.046709e-01,  0.000000e+00 
7.149876e-01,  0.000000e+00 
8.354686e-01,  0.000000e+00 
9.666897e-01,  0.000000e+00 
1.109196e+00,  0.000000e+00 
1.263502e+00,  0.000000e+00 
1.430088e+00,  0.000000e+00 
1.609404e+00,  0.000000e+00 
1.801871e+00,  0.000000e+00 
2.007877e+00,  0.000000e+00 
2.227788e+00,  0.000000e+00 
2.461944e+00,  0.000000e+00 
2.710668e+00,  0.000000e+00 
2.974264e+00,  0.000000e+00 
3.253030e+00,  0.000000e+00 
3.547253e+00,  0.000000e+00 
3.857221e+00,  0.000000e+00 
4.183225e+00,  0.000000e+00 
4.525563e+00,  0.000000e+00 
4.884545e+00,  0.000000e+00 
5.260498e+00,  0.000000e+00 
5.653769e+00,  0.000000e+00 
6.064724e+00,  0.000000e+00 
6.493758e+00,  0.000000e+00 
6.941291e+00,  0.000000e+00 
7.407768e+00,  0.000000e+00 
7.893665e+00,  0.000000e+00 
8.399483e+00,  0.000000e+00 
8.925749e+00,  0.000000e+00 
9.473012e+00,  0.000000e+00 
1.004184e+01,  0.000000e+00 
1.063283e+01,  0.000000e+00 
1.124658e+01,  0.000000e+00 
1.188369e+01,  0.000000e+00 
1.254477e+01,  0.000000e+00 
1.323045e+01,  0.000000e+00 
1.394132e+01,  0.000000e+00 
1.467798e+01,  0.000000e+00 
1.544100e+01,  0.000000e+00 
1.623092e+01,  0.000000e+00 
1.704828e+01,  0.000000e+00 
1.789357e+01,  0.000000e+00 
1.876723e+01,  0.000000e+00 
1.966968e+01,  0.000000e+00 
2.060128e+01,  0.000000e+00 
2.156235e+01,  0.000000e+00 
2.255316e+01,  0.000000e+00 
2.357393e+01,  0.000000e+00 
2.462481e+01,  0.000000e+00 
2.570591e+01,  0.000000e+00 
2.681728e+01,  0.000000e+00 
2.795892e+01,  0.000000e+00 
2.913075e+01,  0.000000e+00 
3.033266e+01,  0.000000e+00 
3.156447e+01,  0.000000e+00 
3.282593e+01,  0.000000e+00 
3.411676e+01,  0.000000e+00 
3.543658e+01,  0.000000e+00 
3.678497e+01,  0.000000e+00 
3.816146e+01,  0.000000e+00 
3.956549e+01,  0.000000e+00 
4.099643e+01,  0.000000e+00 
4.245359e+01,  0.000000e+00 
4.393619e+01,  0.000000e+00 
4.544337e+01,  0.000000e+00 
4.697416e+01,  0.000000e+00 
4.852752e+01,  0.000000e+00 
5.010228e+01,  0.000000e+00 
5.169717e+01,  0.000000e+00 
5.331078e+01,  0.000000e+00 
5.494160e+01,  0.000000e+00 
5.658795e+01,  0.000000e+00 
5.824800e+01,  0.000000e+00 
5.991980e+01,  0.000000e+00 
6.160119e+01,  0.000000e+00 
6.328987e+01,  0.000000e+00 
6.498336e+01,  0.000000e+00 
6.667899e+01,  0.000000e+00 
6.837393e+01,  0.000000e+00 
7.006513e+01,  0.000000e+00 
7.174940e+01,  0.000000e+00 
7.342334e+01,  0.000000e+00 
7.508339e+01,  0.000000e+00 
7.672582e+01,  0.000000e+00 
7.834676e+01,  0.000000e+00 
7.994217e+01,  0.000000e+00 
8.150789e+01,  0.000000e+00 
8.303967e+01,  0.000000e+00 
8.453313e+01,  0.000000e+00 
8.598384e+01,  0.000000e+00 
8.738733e+01,  0.000000e+00 
8.873908e+01,  0.000000e+00 
9.003460e+01,  0.000000e+00 
9.126942e+01,  0.000000e+00 
9.243913e+01,  0.000000e+00 
9.353940e+01,  0.000000e+00 
9.456604e+01,  0.000000e+00 
9.551499e+01,  0.000000e+00 
9.638237e+01,  0.000000e+00 
9.716452e+01,  0.000000e+00 
9.785799e+01,  0.000000e+00 
9.845960e+01,  0.000000e+00 
9.896645e+01,  0.000000e+00 
9.937595e+01,  0.000000e+00 
9.968581e+01,  0.000000e+00 
9.989411e+01,  0.000000e+00 
9.999924e+01,  0.000000e+00 
1.000000e+02,  0.000000e+00 
9.989552e+01,  0.000000e+00 
9.968531e+01,  0.000000e+00 
9.936927e+01,  0.000000e+00 
9.894766e+01,  0.000000e+00 
9.842109e+01,  0.000000e+00 
9.779054e+01,  0.000000e+00 
9.705733e+01,  0.000000e+00 
9.622312e+01,  0.000000e+00 
9.528984e+01,  0.000000e+00 
9.425975e+01,  0.000000e+00 
9.313536e+01,  0.000000e+00 
9.191942e+01,  0.000000e+00 
9.061491e+01,  0.000000e+00 
8.922499e+01,  0.000000e+00 
8.775299e+01,  0.000000e+00 
8.620237e+01,  0.000000e+00 
8.457672e+01,  0.000000e+00 
8.287968e+01,  0.000000e+00 
8.111497e+01,  0.000000e+00 
7.928634e+01,  0.000000e+00 
7.739753e+01,  0.000000e+00 
7.545228e+01,  0.000000e+00 
7.345427e+01,  0.000000e+00 
7.140715e+01,  0.000000e+00 
6.931445e+01,  0.000000e+00 
6.717964e+01,  0.000000e+00 
6.500608e+01,  0.000000e+00 
6.279701e+01,  0.000000e+00 
6.055552e+01,  0.000000e+00 
5.828459e+01,  0.000000e+00 
5.598705e+01,  0.000000e+00 
5.366558e+01,  0.000000e+00 
5.132273e+01,  0.000000e+00 
4.896089e+01,  0.000000e+00 
4.658230e+01,  0.000000e+00 
4.418908e+01,  0.000000e+00 
4.178318e+01,  0.000000e+00 
3.936647e+01,  0.000000e+00 
3.694063e+01,  0.000000e+00 
3.450728e+01,  0.000000e+00 
3.206789e+01,  0.000000e+00 
2.962385e+01,  0.000000e+00 
2.717645e+01,  0.000000e+00 
2.472688e+01,  0.000000e+00 
2.227627e+01,  0.000000e+00 
1.982567e+01,  0.000000e+00 
1.737608e+01,  0.000000e+00 
1.492844e+01,  0.000000e+00 
1.248364e+01,  0.000000e+00 
1.004256e+01,  0.000000e+00 
7.606003e+00,  0.000000e+00 
5.174795e+00,  0.000000e+00 
2.749725e+00,  0.000000e+00 
3.315771e-01,  0.000000e+00 
2.078866e+00,  1.800000e+02 
4.480817e+00,  1.800000e+02 
6.873477e+00,  1.800000e+02 
9.256033e+00,  1.800000e+02 
1.162765e+01,  1.800000e+02 
1.398745e+01,  1.800000e+02 
1.633454e+01,  1.800000e+02 
1.866797e+01,  1.800000e+02 
2.098676e+01,  1.800000e+02 
2.328986e+01,  1.800000e+02 
2.557617e+01,  1.800000e+02 
2.784452e+01,  1.800000e+02 
3.009369e+01,  1.800000e+02 
3.232236e+01,  1.800000e+02 
3.452916e+01,  1.800000e+02 
3.671260e+01,  1.800000e+02 
3.887115e+01,  1.800000e+02 
4.100316e+01,  1.800000e+02 
4.310690e+01,  1.800000e+02 
4.518054e+01,  1.800000e+02 
4.722219e+01,  1.800000e+02 
4.922983e+01,  1.800000e+02 
5.120137e+01,  1.800000e+02 
5.313466e+01,  1.800000e+02 
5.502742e+01,  1.800000e+02 
5.687735e+01,  1.800000e+02 
5.868204e+01,  1.800000e+02 
6.043907e+01,  1.800000e+02 
6.214593e+01,  1.800000e+02 
6.380010e+01,  1.800000e+02 
6.539903e+01,  1.800000e+02 
6.694017e+01,  1.800000e+02 
6.842096e+01,  1.800000e+02 
6.983888e+01,  1.800000e+02 
7.119144e+01,  1.800000e+02 
7.247621e+01,  1.800000e+02 
7.369081e+01,  1.800000e+02 
7.483299e+01,  1.800000e+02 
7.590057e+01,  1.800000e+02 
7.689150e+01,  1.800000e+02 
7.780389e+01,  1.800000e+02 
7.863600e+01,  1.800000e+02 
7.938623e+01,  1.800000e+02 
8.005322e+01,  1.800000e+02 
8.063575e+01,  1.800000e+02 
8.113286e+01,  1.800000e+02 
8.154377e+01,  1.800000e+02 
8.186795e+01,  1.800000e+02 
8.210510e+01,  1.800000e+02 
8.225515e+01,  1.800000e+02 
8.231829e+01,  1.800000e+02 
8.229492e+01,  1.800000e+02 
8.218571e+01,  1.800000e+02 
8.199155e+01,  1.800000e+02 
8.171358e+01,  1.800000e+02 
8.135315e+01,  1.800000e+02 
8.091184e+01,  1.800000e+02 
8.039141e+01,  1.800000e+02 
7.979385e+01,  1.800000e+02 
7.912132e+01,  1.800000e+02 
7.837615e+01,  1.800000e+02 
7.756083e+01,  1.800000e+02 
7.667797e+01,  1.800000e+02 
7.573032e+01,  1.800000e+02 
7.472075e+01,  1.800000e+02 
7.365218e+01,  1.800000e+02 
7.252765e+01,  1.800000e+02 
7.135023e+01,  1.800000e+02 
7.012303e+01,  1.800000e+02 
6.884920e+01,  1.800000e+02 
6.753189e+01,  1.800000e+02 
6.617424e+01,  1.800000e+02 
6.477939e+01,  1.800000e+02 
6.335044e+01,  1.800000e+02 
6.189044e+01,  1.800000e+02 
6.040240e+01,  1.800000e+02 
5.888926e+01,  1.800000e+02 
5.735390e+01,  1.800000e+02 
5.579911e+01,  1.800000e+02 
5.422760e+01,  1.800000e+02 
5.264200e+01,  1.800000e+02 
5.104484e+01,  1.800000e+02 
4.943856e+01,  1.800000e+02 
4.782549e+01,  1.800000e+02 
4.620787e+01,  1.800000e+02 
4.458783e+01,  1.800000e+02 
4.296743e+01,  1.800000e+02 
4.134860e+01,  1.800000e+02 
3.973319e+01,  1.800000e+02 
3.812294e+01,  1.800000e+02 
3.651951e+01,  1.800000e+02 
3.492447e+01,  1.800000e+02 
3.333930e+01,  1.800000e+02 
3.176540e+01,  1.800000e+02 
3.020406e+01,  1.800000e+02 
2.865654e+01,  1.800000e+02 
2.712399e+01,  1.800000e+02 
2.560750e+01,  1.800000e+02 
2.410809e+01,  1.800000e+02 
2.262671e+01,  1.800000e+02 
2.116426e+01,  1.800000e+02 
1.972157e+01,  1.800000e+02 
1.829942e+01,  1.800000e+02 
1.689853e+01,  1.800000e+02 
1.551958e+01,  1.800000e+02 
1.416318e+01,  1.800000e+02 
1.282993e+01,  1.800000e+02 
1.152034e+01,  1.800000e+02 
1.023491e+01,  1.800000e+02 
8.974106e+00,  1.800000e+02 
7.738330e+00,  1.800000e+02 
6.527967e+00,  1.800000e+02 
5.343363e+00,  1.800000e+02 
4.184833e+00,  1.800000e+02 
3.052661e+00,  1.800000e+02 
1.947104e+00,  1.800000e+02 
8.683882e-01,  1.800000e+02 
1.832819e-01,  0.000000e+00 
1.207729e+00,  0.000000e+00 
2.204797e+00,  0.000000e+00 
3.174354e+00,  0.000000e+00 
4.116288e+00,  0.000000e+00 
5.030508e+00,  0.000000e+00 
5.916942e+00,  0.000000e+00 
6.775538e+00,  0.000000e+00 
7.606260e+00,  0.000000e+00 
8.409092e+00,  0.000000e+00 
9.184035e+00,  0.000000e+00 
9.931107e+00,  0.000000e+00 
1.065034e+01,  0.000000e+00 
1.134179e+01,  0.000000e+00 
1.200553e+01,  0.000000e+00 
1.264164e+01,  0.000000e+00 
1.325022e+01,  0.000000e+00 
1.383140e+01,  0.000000e+00 
1.438531e+01,  0.000000e+00 
1.491211e+01,  0.000000e+00 
1.541196e+01,  0.000000e+00 
1.588507e+01,  0.000000e+00 
1.633164e+01,  0.000000e+00 
1.675189e+01,  0.000000e+00 
1.714606e+01,  0.000000e+00 
1.751442e+01,  0.000000e+00 
1.785725e+01,  0.000000e+00 
1.817482e+01,  0.000000e+00 
1.846747e+01,  0.000000e+00 
1.873550e+01,  0.000000e+00 
1.897926e+01,  0.000000e+00 
1.919911e+01,  0.000000e+00 
1.939541e+01,  0.000000e+00 
1.956854e+01,  0.000000e+00 
1.971890e+01,  0.000000e+00 
1.984688e+01,  0.000000e+00 
1.995291e+01,  0.000000e+00 
2.003741e+01,  0.000000e+00 
2.010081e+01,  0.000000e+00 
2.014356e+01,  0.000000e+00 
2.016609e+01,  0.000000e+00 
2.016887e+01,  0.000000e+00 
2.015236e+01,  0.000000e+00 
2.011702e+01,  0.000000e+00 
2.006333e+01,  0.000000e+00 
1.999176e+01,  0.000000e+00 
1.990281e+01,  0.000000e+00 
1.979694e+01,  0.000000e+00 
1.967466e+01,  0.000000e+00 
1.953645e+01,  0.000000e+00 
1.938283e+01,  0.000000e+00 
1.921428e+01,  0.000000e+00 
1.903132e+01,  0.000000e+00 
1.883446e+01,  0.000000e+00 
1.862422e+01,  0.000000e+00 
1.840110e+01,  0.000000e+00 
1.816565e+01,  0.000000e+00 
1.791838e+01,  0.000000e+00 
1.765982e+01,  0.000000e+00 
1.739051e+01,  0.000000e+00 
1.711099e+01,  0.000000e+00 
1.682179e+01,  0.000000e+00 
1.652345e+01,  0.000000e+00 
1.621652e+01,  0.000000e+00 
1.590153e+01,  0.000000e+00 
1.557902e+01,  0.000000e+00 
1.524953e+01,  0.000000e+00 
1.491360e+01,  0.000000e+00 
1.457176e+01,  0.000000e+00 
1.422453e+01,  0.000000e+00 
1.387242e+01,  0.000000e+00 
1.351596e+01,  0.000000e+00 
1.315563e+01,  0.000000e+00 
1.279194e+01,  0.000000e+00 
1.242536e+01,  0.000000e+00 
1.205635e+01,  0.000000e+00 
1.168538e+01,  0.000000e+00 
1.131289e+01,  0.000000e+00 
1.093931e+01,  0.000000e+00 
1.056504e+01,  0.000000e+00 
1.019049e+01,  0.000000e+00 
9.816050e+00,  0.000000e+00 
9.442079e+00,  0.000000e+00 
9.068937e+00,  0.000000e+00 
8.696966e+00,  0.000000e+00 
8.326495e+00,  0.000000e+00 
7.957841e+00,  0.000000e+00 
7.591306e+00,  0.000000e+00 
7.227185e+00,  0.000000e+00 
6.865760e+00,  0.000000e+00 
6.507304e+00,  0.000000e+00 
6.152083e+00,  0.000000e+00 
5.800352e+00,  0.000000e+00 
5.452364e+00,  0.000000e+00 
5.108361e+00,  0.000000e+00 
4.768581e+00,  0.000000e+00 
4.433257e+00,  0.000000e+00 
4.102618e+00,  0.000000e+00 
3.776886e+00,  0.000000e+00 
3.456279e+00,  0.000000e+00 
3.141011e+00,  0.000000e+00 
2.831290e+00,  0.000000e+00 
2.527318e+00,  0.000000e+00 
2.229291e+00,  0.000000e+00 
1.937396e+00,  0.000000e+00 
1.651816e+00,  0.000000e+00 
1.372721e+00,  0.000000e+00 
1.100273e+00,  0.000000e+00 
8.346222e-01,  0.000000e+00 
5.759082e-01,  0.000000e+00 
3.242567e-01,  0.000000e+00 
7.977961e-02,  0.000000e+00 
1.574256e-01,  1.800000e+02 
3.872766e-01,  1.800000e+02 
6.097071e-01,  1.800000e+02 
8.246669e-01,  1.800000e+02 
1.032122e+00,  1.800000e+02 
1.232055e+00,  1.800000e+02 
1.424464e+00,  1.800000e+02 
1.609363e+00,  1.800000e+02 
1.786781e+00,  1.800000e+02 
1.956761e+00,  1.800000e+02 
2.119360e+00,  1.800000e+02 
2.274644e+00,  1.800000e+02 
2.422692e+00,  1.800000e+02 
2.563592e+00,  1.800000e+02 
2.697438e+00,  1.800000e+02 
2.824332e+00,  1.800000e+02 
2.944378e+00,  1.800000e+02 
3.057685e+00,  1.800000e+02 
3.164362e+00,  1.800000e+02 
3.264519e+00,  1.800000e+02 
3.358264e+00,  1.800000e+02 
3.445703e+00,  1.800000e+02 
3.526939e+00,  1.800000e+02 
3.602071e+00,  1.800000e+02 
3.671195e+00,  1.800000e+02 
3.734402e+00,  1.800000e+02 
3.791777e+00,  1.800000e+02 
3.843404e+00,  1.800000e+02 
3.889361e+00,  1.800000e+02 
3.929726e+00,  1.800000e+02 
3.964574e+00,  1.800000e+02 
3.993978e+00,  1.800000e+02 
4.018014e+00,  1.800000e+02 
4.036758e+00,  1.800000e+02 
4.050292e+00,  1.800000e+02 
4.058699e+00,  1.800000e+02 
4.062071e+00,  1.800000e+02 
4.060507e+00,  1.800000e+02 
4.054112e+00,  1.800000e+02 
4.043004e+00,  1.800000e+02 
4.027308e+00,  1.800000e+02 
4.007162e+00,  1.800000e+02 
3.982713e+00,  1.800000e+02 
3.954121e+00,  1.800000e+02 
3.921555e+00,  1.800000e+02 
3.885195e+00,  1.800000e+02 
3.845231e+00,  1.800000e+02 
3.801861e+00,  1.800000e+02 
3.755289e+00,  1.800000e+02 
3.705726e+00,  1.800000e+02 
3.653384e+00,  1.800000e+02 
3.598479e+00,  1.800000e+02 
3.541227e+00,  1.800000e+02 
3.481840e+00,  1.800000e+02 
3.420527e+00,  1.800000e+02 
3.357489e+00,  1.800000e+02 
3.292922e+00,  1.800000e+02 
3.227008e+00,  1.800000e+02 
3.159920e+00,  1.800000e+02 
3.091818e+00,  1.800000e+02 
3.022849e+00,  1.800000e+02 
2.953144e+00,  1.800000e+02 
2.882820e+00,  1.800000e+02 
2.811980e+00,  1.800000e+02 
2.740713e+00,  1.800000e+02 
2.669094e+00,  1.800000e+02 
2.597185e+00,  1.800000e+02 
2.525040e+00,  1.800000e+02 
2.452701e+00,  1.800000e+02 
2.380204e+00,  1.800000e+02 
2.307581e+00,  1.800000e+02 
2.234861e+00,  1.800000e+02 
2.162071e+00,  1.800000e+02 
2.089242e+00,  1.800000e+02 
2.016408e+00,  1.800000e+02 
1.943612e+00,  1.800000e+02 
1.870901e+00,  1.800000e+02 
1.798337e+00,  1.800000e+02 
1.725991e+00,  1.800000e+02 
1.653944e+00,  1.800000e+02 
1.582294e+00,  1.800000e+02 
1.511148e+00,  1.800000e+02 
1.440628e+00,  1.800000e+02 
1.370865e+00,  1.800000e+02 
1.301999e+00,  1.800000e+02 
1.234180e+00,  1.800000e+02 
1.167559e+00,  1.800000e+02 
1.102291e+00,  1.800000e+02 
1.038529e+00,  1.800000e+02 
9.764183e-01,  1.800000e+02 
9.160955e-01,  1.800000e+02 
8.576827e-01,  1.800000e+02 
8.012829e-01,  1.800000e+02 
7.469761e-01,  1.800000e+02 
6.948140e-01,  1.800000e+02 
6.448167e-01,  1.800000e+02 
5.969681e-01,  1.800000e+02 
5.512126e-01,  1.800000e+02 
5.074514e-01,  1.800000e+02 
4.655406e-01,  1.800000e+02 
4.252884e-01,  1.800000e+02 
3.864543e-01,  1.800000e+02 
3.487476e-01,  1.800000e+02 
3.118284e-01,  1.800000e+02 
2.753076e-01,  1.800000e+02 
2.387484e-01,  1.800000e+02 
2.016691e-01,  1.800000e+02 
1.635456e-01,  1.800000e+02 
1.238148e-01,  1.800000e+02 
8.187936e-02,  1.800000e+02 
3.711175e-02,  1.800000e+02 
1.114030e-02,  0.000000e+00 
6.354853e-02,  0.000000e+00 
1.207984e-01,  0.000000e+00 
1.835836e-01,  0.000000e+00 
2.526000e-01,  0.000000e+00 
3.285402e-01,  0.000000e+00 
4.120882e-01,  0.000000e+00 
##END 
