##TITLE= Parameter file, TopSpin 3.6.5
##JCAMPDX= 5.0
##DATATYPE= Parameter Values
##NPOINTS= 8	$$ modification sequence number
##ORIGIN= Bruker BioSpin GmbH
##OWNER= nmrsu
$$ 2024-01-26 02:59:28.368 +0100  nmrsu@CZC603BPWK
$$ /reference/MENMR/ubiCN/25/NOESY_HC_NH/24/pdata/24/clevels
$$ process /opt/topspin3.6.5/prog/mod/dataserver
##$LEVELS= (0..255)
-119664.144449868 -66480.0802499267 -36933.3779166259 -20518.5432870144
-11399.190715008 -6332.88373056 -3518.2687392 -1954.593744 1954.593744
3518.2687392 6332.88373056 11399.190715008 20518.5432870144 36933.3779166259
66480.0802499267 119664.144449868 0 0 0 0 0 0 0 0 0 0 0 0 0 0 0 0 0 0 0
0 0 0 0 0 0 0 0 0 0 0 0 0 0 0 0 0 0 0 0 0 0 0 0 0 0 0 0 0 0 0 0 0 0 0 0
0 0 0 0 0 0 0 0 0 0 0 0 0 0 0 0 0 0 0 0 0 0 0 0 0 0 0 0 0 0 0 0 0 0 0 0
0 0 0 0 0 0 0 0 0 0 0 0 0 0 0 0 0 0 0 0 0 0 0 0 0 0 0 0 0 0 0 0 0 0 0 0
0 0 0 0 0 0 0 0 0 0 0 0 0 0 0 0 0 0 0 0 0 0 0 0 0 0 0 0 0 0 0 0 0 0 0 0
0 0 0 0 0 0 0 0 0 0 0 0 0 0 0 0 0 0 0 0 0 0 0 0 0 0 0 0 0 0 0 0 0 0 0 0
0 0 0 0 0 0 0 0 0 0 0 0 0 0 0 0 0 0 0 0 0 0 0 0 0 0 0 0 0 0 0 0 0 0 0 0
0 0 0 0 0
##$LEVSIGN= 3
##$MAXLEV= 8
##$METHOD= 0
##$NEGBASE= -1954.593744
##$NEGINCR= 1.8
##$POSBASE= 1954.593744
##$POSINCR= 1.8
##END=
