##TITLE= e400b, 1.1808ms, 0.152432 W
##JCAMP-DX= 5.00 Bruker JCAMP library 
##DATA TYPE= Shape Data 
##ORIGIN= Bruker BioSpin GmbH 
##OWNER= <WaveMaker> 
##DATE= Jun 13 2022 
##TIME= 13:59:32 
##$SHAPE_PARAMETERS= Type: e400b
##MINX= 0.000408 
##MAXX= 100.000000 
##MINY= 0.000000 
##MAXY= 180.000000 
##$SHAPE_EXMODE= Excitation
##$SHAPE_TOTROT= 83.20 
##$SHAPE_TYPE= Excitation
##$SHAPE_USER_DEF= Tp=1180.8000 us, gB1max=3296.0 Hz, f1=-5997.5 Hz, f2=5997.5 Hz
##$SHAPE_REPHFAC= 
##$SHAPE_BWFAC= 4.721 
##$SHAPE_BWFAC50= 
##$SHAPE_INTEGFAC= 0.059382 
##$SHAPE_MODE= 0 
##NPOINTS= 492 
##XYPOINTS= (XY..XY) 
4.120861e-01,  0.000000e+00 
5.076405e-01,  0.000000e+00 
6.128563e-01,  0.000000e+00 
7.284377e-01,  0.000000e+00 
8.550588e-01,  0.000000e+00 
9.933602e-01,  0.000000e+00 
1.143947e+00,  0.000000e+00 
1.307387e+00,  0.000000e+00 
1.484211e+00,  0.000000e+00 
1.674913e+00,  0.000000e+00 
1.879952e+00,  0.000000e+00 
2.099754e+00,  0.000000e+00 
2.334717e+00,  0.000000e+00 
2.585212e+00,  0.000000e+00 
2.851592e+00,  0.000000e+00 
3.134191e+00,  0.000000e+00 
3.433338e+00,  0.000000e+00 
3.749353e+00,  0.000000e+00 
4.082561e+00,  0.000000e+00 
4.433293e+00,  0.000000e+00 
4.801893e+00,  0.000000e+00 
5.188721e+00,  0.000000e+00 
5.594160e+00,  0.000000e+00 
6.018619e+00,  0.000000e+00 
6.462535e+00,  0.000000e+00 
6.926376e+00,  0.000000e+00 
7.410640e+00,  0.000000e+00 
7.915859e+00,  0.000000e+00 
8.442595e+00,  0.000000e+00 
8.991441e+00,  0.000000e+00 
9.563015e+00,  0.000000e+00 
1.015796e+01,  0.000000e+00 
1.077694e+01,  0.000000e+00 
1.142062e+01,  0.000000e+00 
1.208970e+01,  0.000000e+00 
1.278485e+01,  0.000000e+00 
1.350677e+01,  0.000000e+00 
1.425612e+01,  0.000000e+00 
1.503356e+01,  0.000000e+00 
1.583972e+01,  0.000000e+00 
1.667521e+01,  0.000000e+00 
1.754059e+01,  0.000000e+00 
1.843638e+01,  0.000000e+00 
1.936308e+01,  0.000000e+00 
2.032109e+01,  0.000000e+00 
2.131081e+01,  0.000000e+00 
2.233255e+01,  0.000000e+00 
2.338655e+01,  0.000000e+00 
2.447302e+01,  0.000000e+00 
2.559208e+01,  0.000000e+00 
2.674379e+01,  0.000000e+00 
2.792816e+01,  0.000000e+00 
2.914511e+01,  0.000000e+00 
3.039451e+01,  0.000000e+00 
3.167615e+01,  0.000000e+00 
3.298976e+01,  0.000000e+00 
3.433499e+01,  0.000000e+00 
3.571144e+01,  0.000000e+00 
3.711862e+01,  0.000000e+00 
3.855597e+01,  0.000000e+00 
4.002285e+01,  0.000000e+00 
4.151853e+01,  0.000000e+00 
4.304220e+01,  0.000000e+00 
4.459296e+01,  0.000000e+00 
4.616979e+01,  0.000000e+00 
4.777157e+01,  0.000000e+00 
4.939707e+01,  0.000000e+00 
5.104491e+01,  0.000000e+00 
5.271359e+01,  0.000000e+00 
5.440145e+01,  0.000000e+00 
5.610668e+01,  0.000000e+00 
5.782728e+01,  0.000000e+00 
5.956110e+01,  0.000000e+00 
6.130578e+01,  0.000000e+00 
6.305878e+01,  0.000000e+00 
6.481734e+01,  0.000000e+00 
6.657849e+01,  0.000000e+00 
6.833908e+01,  0.000000e+00 
7.009572e+01,  0.000000e+00 
7.184480e+01,  0.000000e+00 
7.358252e+01,  0.000000e+00 
7.530489e+01,  0.000000e+00 
7.700769e+01,  0.000000e+00 
7.868655e+01,  0.000000e+00 
8.033694e+01,  0.000000e+00 
8.195415e+01,  0.000000e+00 
8.353339e+01,  0.000000e+00 
8.506972e+01,  0.000000e+00 
8.655817e+01,  0.000000e+00 
8.799370e+01,  0.000000e+00 
8.937125e+01,  0.000000e+00 
9.068581e+01,  0.000000e+00 
9.193238e+01,  0.000000e+00 
9.310608e+01,  0.000000e+00 
9.420214e+01,  0.000000e+00 
9.521595e+01,  0.000000e+00 
9.614309e+01,  0.000000e+00 
9.697938e+01,  0.000000e+00 
9.772089e+01,  0.000000e+00 
9.836398e+01,  0.000000e+00 
9.890535e+01,  0.000000e+00 
9.934203e+01,  0.000000e+00 
9.967143e+01,  0.000000e+00 
9.989135e+01,  0.000000e+00 
1.000000e+02,  0.000000e+00 
9.999601e+01,  0.000000e+00 
9.987844e+01,  0.000000e+00 
9.964678e+01,  0.000000e+00 
9.930095e+01,  0.000000e+00 
9.884131e+01,  0.000000e+00 
9.826864e+01,  0.000000e+00 
9.758413e+01,  0.000000e+00 
9.678934e+01,  0.000000e+00 
9.588625e+01,  0.000000e+00 
9.487716e+01,  0.000000e+00 
9.376469e+01,  0.000000e+00 
9.255180e+01,  0.000000e+00 
9.124168e+01,  0.000000e+00 
8.983777e+01,  0.000000e+00 
8.834373e+01,  0.000000e+00 
8.676339e+01,  0.000000e+00 
8.510069e+01,  0.000000e+00 
8.335973e+01,  0.000000e+00 
8.154464e+01,  0.000000e+00 
7.965960e+01,  0.000000e+00 
7.770883e+01,  0.000000e+00 
7.569651e+01,  0.000000e+00 
7.362678e+01,  0.000000e+00 
7.150372e+01,  0.000000e+00 
6.933132e+01,  0.000000e+00 
6.711345e+01,  0.000000e+00 
6.485389e+01,  0.000000e+00 
6.255624e+01,  0.000000e+00 
6.022397e+01,  0.000000e+00 
5.786040e+01,  0.000000e+00 
5.546867e+01,  0.000000e+00 
5.305175e+01,  0.000000e+00 
5.061245e+01,  0.000000e+00 
4.815340e+01,  0.000000e+00 
4.567708e+01,  0.000000e+00 
4.318579e+01,  0.000000e+00 
4.068168e+01,  0.000000e+00 
3.816674e+01,  0.000000e+00 
3.564284e+01,  0.000000e+00 
3.311169e+01,  0.000000e+00 
3.057490e+01,  0.000000e+00 
2.803395e+01,  0.000000e+00 
2.549022e+01,  0.000000e+00 
2.294499e+01,  0.000000e+00 
2.039948e+01,  0.000000e+00 
1.785481e+01,  0.000000e+00 
1.531204e+01,  0.000000e+00 
1.277220e+01,  0.000000e+00 
1.023624e+01,  0.000000e+00 
7.705113e+00,  0.000000e+00 
5.179714e+00,  0.000000e+00 
2.660935e+00,  0.000000e+00 
1.496558e-01,  0.000000e+00 
2.353247e+00,  1.800000e+02 
4.846891e+00,  1.800000e+02 
7.330378e+00,  1.800000e+02 
9.802792e+00,  1.800000e+02 
1.226319e+01,  1.800000e+02 
1.471058e+01,  1.800000e+02 
1.714395e+01,  1.800000e+02 
1.956223e+01,  1.800000e+02 
2.196427e+01,  1.800000e+02 
2.434890e+01,  1.800000e+02 
2.671484e+01,  1.800000e+02 
2.906075e+01,  1.800000e+02 
3.138521e+01,  1.800000e+02 
3.368670e+01,  1.800000e+02 
3.596362e+01,  1.800000e+02 
3.821426e+01,  1.800000e+02 
4.043682e+01,  1.800000e+02 
4.262939e+01,  1.800000e+02 
4.478994e+01,  1.800000e+02 
4.691637e+01,  1.800000e+02 
4.900644e+01,  1.800000e+02 
5.105783e+01,  1.800000e+02 
5.306811e+01,  1.800000e+02 
5.503476e+01,  1.800000e+02 
5.695518e+01,  1.800000e+02 
5.882670e+01,  1.800000e+02 
6.064656e+01,  1.800000e+02 
6.241197e+01,  1.800000e+02 
6.412011e+01,  1.800000e+02 
6.576810e+01,  1.800000e+02 
6.735309e+01,  1.800000e+02 
6.887222e+01,  1.800000e+02 
7.032267e+01,  1.800000e+02 
7.170167e+01,  1.800000e+02 
7.300652e+01,  1.800000e+02 
7.423462e+01,  1.800000e+02 
7.538346e+01,  1.800000e+02 
7.645068e+01,  1.800000e+02 
7.743407e+01,  1.800000e+02 
7.833161e+01,  1.800000e+02 
7.914143e+01,  1.800000e+02 
7.986193e+01,  1.800000e+02 
8.049167e+01,  1.800000e+02 
8.102951e+01,  1.800000e+02 
8.147451e+01,  1.800000e+02 
8.182603e+01,  1.800000e+02 
8.208369e+01,  1.800000e+02 
8.224737e+01,  1.800000e+02 
8.231727e+01,  1.800000e+02 
8.229382e+01,  1.800000e+02 
8.217776e+01,  1.800000e+02 
8.197012e+01,  1.800000e+02 
8.167217e+01,  1.800000e+02 
8.128546e+01,  1.800000e+02 
8.081178e+01,  1.800000e+02 
8.025318e+01,  1.800000e+02 
7.961190e+01,  1.800000e+02 
7.889043e+01,  1.800000e+02 
7.809143e+01,  1.800000e+02 
7.721774e+01,  1.800000e+02 
7.627235e+01,  1.800000e+02 
7.525839e+01,  1.800000e+02 
7.417912e+01,  1.800000e+02 
7.303787e+01,  1.800000e+02 
7.183806e+01,  1.800000e+02 
7.058317e+01,  1.800000e+02 
6.927671e+01,  1.800000e+02 
6.792220e+01,  1.800000e+02 
6.652319e+01,  1.800000e+02 
6.508318e+01,  1.800000e+02 
6.360566e+01,  1.800000e+02 
6.209406e+01,  1.800000e+02 
6.055176e+01,  1.800000e+02 
5.898208e+01,  1.800000e+02 
5.738822e+01,  1.800000e+02 
5.577334e+01,  1.800000e+02 
5.414048e+01,  1.800000e+02 
5.249256e+01,  1.800000e+02 
5.083241e+01,  1.800000e+02 
4.916276e+01,  1.800000e+02 
4.748621e+01,  1.800000e+02 
4.580524e+01,  1.800000e+02 
4.412223e+01,  1.800000e+02 
4.243943e+01,  1.800000e+02 
4.075898e+01,  1.800000e+02 
3.908292e+01,  1.800000e+02 
3.741317e+01,  1.800000e+02 
3.575153e+01,  1.800000e+02 
3.409972e+01,  1.800000e+02 
3.245935e+01,  1.800000e+02 
3.083193e+01,  1.800000e+02 
2.921888e+01,  1.800000e+02 
2.762154e+01,  1.800000e+02 
2.604115e+01,  1.800000e+02 
2.447887e+01,  1.800000e+02 
2.293581e+01,  1.800000e+02 
2.141297e+01,  1.800000e+02 
1.991129e+01,  1.800000e+02 
1.843167e+01,  1.800000e+02 
1.697492e+01,  1.800000e+02 
1.554179e+01,  1.800000e+02 
1.413299e+01,  1.800000e+02 
1.274916e+01,  1.800000e+02 
1.139091e+01,  1.800000e+02 
1.005877e+01,  1.800000e+02 
8.753259e+00,  1.800000e+02 
7.474828e+00,  1.800000e+02 
6.223899e+00,  1.800000e+02 
5.000850e+00,  1.800000e+02 
3.806025e+00,  1.800000e+02 
2.639732e+00,  1.800000e+02 
1.502247e+00,  1.800000e+02 
3.938141e-01,  1.800000e+02 
6.853505e-01,  0.000000e+00 
1.735060e+00,  0.000000e+00 
2.755153e+00,  0.000000e+00 
3.745494e+00,  0.000000e+00 
4.705971e+00,  0.000000e+00 
5.636497e+00,  0.000000e+00 
6.537003e+00,  0.000000e+00 
7.407447e+00,  0.000000e+00 
8.247802e+00,  0.000000e+00 
9.058067e+00,  0.000000e+00 
9.838258e+00,  0.000000e+00 
1.058841e+01,  0.000000e+00 
1.130858e+01,  0.000000e+00 
1.199885e+01,  0.000000e+00 
1.265931e+01,  0.000000e+00 
1.329007e+01,  0.000000e+00 
1.389128e+01,  0.000000e+00 
1.446308e+01,  0.000000e+00 
1.500566e+01,  0.000000e+00 
1.551921e+01,  0.000000e+00 
1.600395e+01,  0.000000e+00 
1.646012e+01,  0.000000e+00 
1.688797e+01,  0.000000e+00 
1.728778e+01,  0.000000e+00 
1.765985e+01,  0.000000e+00 
1.800450e+01,  0.000000e+00 
1.832206e+01,  0.000000e+00 
1.861289e+01,  0.000000e+00 
1.887737e+01,  0.000000e+00 
1.911587e+01,  0.000000e+00 
1.932881e+01,  0.000000e+00 
1.951661e+01,  0.000000e+00 
1.967970e+01,  0.000000e+00 
1.981854e+01,  0.000000e+00 
1.993359e+01,  0.000000e+00 
2.002531e+01,  0.000000e+00 
2.009419e+01,  0.000000e+00 
2.014073e+01,  0.000000e+00 
2.016543e+01,  0.000000e+00 
2.016879e+01,  0.000000e+00 
2.015134e+01,  0.000000e+00 
2.011360e+01,  0.000000e+00 
2.005609e+01,  0.000000e+00 
1.997936e+01,  0.000000e+00 
1.988393e+01,  0.000000e+00 
1.977037e+01,  0.000000e+00 
1.963922e+01,  0.000000e+00 
1.949103e+01,  0.000000e+00 
1.932637e+01,  0.000000e+00 
1.914580e+01,  0.000000e+00 
1.894990e+01,  0.000000e+00 
1.873922e+01,  0.000000e+00 
1.851437e+01,  0.000000e+00 
1.827591e+01,  0.000000e+00 
1.802444e+01,  0.000000e+00 
1.776056e+01,  0.000000e+00 
1.748485e+01,  0.000000e+00 
1.719792e+01,  0.000000e+00 
1.690037e+01,  0.000000e+00 
1.659281e+01,  0.000000e+00 
1.627583e+01,  0.000000e+00 
1.595006e+01,  0.000000e+00 
1.561608e+01,  0.000000e+00 
1.527452e+01,  0.000000e+00 
1.492595e+01,  0.000000e+00 
1.457098e+01,  0.000000e+00 
1.421021e+01,  0.000000e+00 
1.384419e+01,  0.000000e+00 
1.347352e+01,  0.000000e+00 
1.309874e+01,  0.000000e+00 
1.272041e+01,  0.000000e+00 
1.233907e+01,  0.000000e+00 
1.195523e+01,  0.000000e+00 
1.156940e+01,  0.000000e+00 
1.118207e+01,  0.000000e+00 
1.079372e+01,  0.000000e+00 
1.040481e+01,  0.000000e+00 
1.001577e+01,  0.000000e+00 
9.627030e+00,  0.000000e+00 
9.238997e+00,  0.000000e+00 
8.852061e+00,  0.000000e+00 
8.466596e+00,  0.000000e+00 
8.082964e+00,  0.000000e+00 
7.701509e+00,  0.000000e+00 
7.322563e+00,  0.000000e+00 
6.946447e+00,  0.000000e+00 
6.573469e+00,  0.000000e+00 
6.203928e+00,  0.000000e+00 
5.838114e+00,  0.000000e+00 
5.476307e+00,  0.000000e+00 
5.118782e+00,  0.000000e+00 
4.765806e+00,  0.000000e+00 
4.417640e+00,  0.000000e+00 
4.074539e+00,  0.000000e+00 
3.736752e+00,  0.000000e+00 
3.404525e+00,  0.000000e+00 
3.078094e+00,  0.000000e+00 
2.757692e+00,  0.000000e+00 
2.443543e+00,  0.000000e+00 
2.135866e+00,  0.000000e+00 
1.834869e+00,  0.000000e+00 
1.540750e+00,  0.000000e+00 
1.253699e+00,  0.000000e+00 
9.738905e-01,  0.000000e+00 
7.014887e-01,  0.000000e+00 
4.366418e-01,  0.000000e+00 
1.794826e-01,  0.000000e+00 
6.987238e-02,  1.800000e+02 
3.113243e-01,  1.800000e+02 
5.447925e-01,  1.800000e+02 
7.702149e-01,  1.800000e+02 
9.875485e-01,  1.800000e+02 
1.196769e+00,  1.800000e+02 
1.397872e+00,  1.800000e+02 
1.590869e+00,  1.800000e+02 
1.775791e+00,  1.800000e+02 
1.952685e+00,  1.800000e+02 
2.121614e+00,  1.800000e+02 
2.282652e+00,  1.800000e+02 
2.435889e+00,  1.800000e+02 
2.581423e+00,  1.800000e+02 
2.719360e+00,  1.800000e+02 
2.849816e+00,  1.800000e+02 
2.972907e+00,  1.800000e+02 
3.088757e+00,  1.800000e+02 
3.197488e+00,  1.800000e+02 
3.299222e+00,  1.800000e+02 
3.394080e+00,  1.800000e+02 
3.482180e+00,  1.800000e+02 
3.563636e+00,  1.800000e+02 
3.638556e+00,  1.800000e+02 
3.707044e+00,  1.800000e+02 
3.769201e+00,  1.800000e+02 
3.825120e+00,  1.800000e+02 
3.874892e+00,  1.800000e+02 
3.918603e+00,  1.800000e+02 
3.956338e+00,  1.800000e+02 
3.988180e+00,  1.800000e+02 
4.014213e+00,  1.800000e+02 
4.034523e+00,  1.800000e+02 
4.049199e+00,  1.800000e+02 
4.058335e+00,  1.800000e+02 
4.062034e+00,  1.800000e+02 
4.060404e+00,  1.800000e+02 
4.053565e+00,  1.800000e+02 
4.041649e+00,  1.800000e+02 
4.024798e+00,  1.800000e+02 
4.003165e+00,  1.800000e+02 
3.976921e+00,  1.800000e+02 
3.946244e+00,  1.800000e+02 
3.911328e+00,  1.800000e+02 
3.872379e+00,  1.800000e+02 
3.829610e+00,  1.800000e+02 
3.783246e+00,  1.800000e+02 
3.733520e+00,  1.800000e+02 
3.680669e+00,  1.800000e+02 
3.624933e+00,  1.800000e+02 
3.566554e+00,  1.800000e+02 
3.505771e+00,  1.800000e+02 
3.442821e+00,  1.800000e+02 
3.377933e+00,  1.800000e+02 
3.311328e+00,  1.800000e+02 
3.243215e+00,  1.800000e+02 
3.173792e+00,  1.800000e+02 
3.103240e+00,  1.800000e+02 
3.031727e+00,  1.800000e+02 
2.959402e+00,  1.800000e+02 
2.886399e+00,  1.800000e+02 
2.812834e+00,  1.800000e+02 
2.738807e+00,  1.800000e+02 
2.664402e+00,  1.800000e+02 
2.589688e+00,  1.800000e+02 
2.514725e+00,  1.800000e+02 
2.439558e+00,  1.800000e+02 
2.364228e+00,  1.800000e+02 
2.288768e+00,  1.800000e+02 
2.213211e+00,  1.800000e+02 
2.137588e+00,  1.800000e+02 
2.061936e+00,  1.800000e+02 
1.986294e+00,  1.800000e+02 
1.910713e+00,  1.800000e+02 
1.835253e+00,  1.800000e+02 
1.759986e+00,  1.800000e+02 
1.685000e+00,  1.800000e+02 
1.610396e+00,  1.800000e+02 
1.536288e+00,  1.800000e+02 
1.462807e+00,  1.800000e+02 
1.390098e+00,  1.800000e+02 
1.318313e+00,  1.800000e+02 
1.247619e+00,  1.800000e+02 
1.178185e+00,  1.800000e+02 
1.110184e+00,  1.800000e+02 
1.043787e+00,  1.800000e+02 
9.791589e-01,  1.800000e+02 
9.164537e-01,  1.800000e+02 
8.558082e-01,  1.800000e+02 
7.973376e-01,  1.800000e+02 
7.411299e-01,  1.800000e+02 
6.872400e-01,  1.800000e+02 
6.356855e-01,  1.800000e+02 
5.864409e-01,  1.800000e+02 
5.394343e-01,  1.800000e+02 
4.945428e-01,  1.800000e+02 
4.515901e-01,  1.800000e+02 
4.103436e-01,  1.800000e+02 
3.705137e-01,  1.800000e+02 
3.317524e-01,  1.800000e+02 
2.936544e-01,  1.800000e+02 
2.557581e-01,  1.800000e+02 
2.175475e-01,  1.800000e+02 
1.784561e-01,  1.800000e+02 
1.378701e-01,  1.800000e+02 
9.513379e-02,  1.800000e+02 
4.955437e-02,  1.800000e+02 
4.084265e-04,  1.800000e+02 
5.305183e-02,  0.000000e+00 
1.115918e-01,  0.000000e+00 
1.759876e-01,  0.000000e+00 
2.470190e-01,  0.000000e+00 
3.254627e-01,  0.000000e+00 
4.120861e-01,  0.000000e+00 
##END 
