##TITLE= reburp, 1.2192ms, 0.358405 W
##JCAMP-DX= 5.00 Bruker JCAMP library 
##DATA TYPE= Shape Data 
##ORIGIN= Bruker BioSpin GmbH 
##OWNER= <WaveMaker> 
##DATE= Jun 13 2022 
##TIME= 13:59:32 
##$SHAPE_PARAMETERS= Type: reburp
##MINX= 0.058143 
##MAXX= 100.000000 
##MINY= 0.000000 
##MAXY= 180.000000 
##$SHAPE_EXMODE= Refocussing
##$SHAPE_TOTROT= 176.40 
##$SHAPE_TYPE= Refocussing
##$SHAPE_USER_DEF= Tp=1219.2000 us, gB1max=5054.0 Hz, f1=-5997.5 Hz, f2=5997.5 Hz
##$SHAPE_REPHFAC= 
##$SHAPE_BWFAC= 4.875 
##$SHAPE_BWFAC50= 
##$SHAPE_INTEGFAC= 0.079522 
##$SHAPE_MODE= 0 
##NPOINTS= 508 
##XYPOINTS= (XY..XY) 
7.493903e+00,  1.800000e+02 
7.482037e+00,  1.800000e+02 
7.446662e+00,  1.800000e+02 
7.388441e+00,  1.800000e+02 
7.308458e+00,  1.800000e+02 
7.208188e+00,  1.800000e+02 
7.089454e+00,  1.800000e+02 
6.954377e+00,  1.800000e+02 
6.805317e+00,  1.800000e+02 
6.644803e+00,  1.800000e+02 
6.475468e+00,  1.800000e+02 
6.299974e+00,  1.800000e+02 
6.120938e+00,  1.800000e+02 
5.940859e+00,  1.800000e+02 
5.762055e+00,  1.800000e+02 
5.586601e+00,  1.800000e+02 
5.416271e+00,  1.800000e+02 
5.252499e+00,  1.800000e+02 
5.096339e+00,  1.800000e+02 
4.948448e+00,  1.800000e+02 
4.809072e+00,  1.800000e+02 
4.678047e+00,  1.800000e+02 
4.554813e+00,  1.800000e+02 
4.438437e+00,  1.800000e+02 
4.327651e+00,  1.800000e+02 
4.220893e+00,  1.800000e+02 
4.116362e+00,  1.800000e+02 
4.012076e+00,  1.800000e+02 
3.905932e+00,  1.800000e+02 
3.795778e+00,  1.800000e+02 
3.679474e+00,  1.800000e+02 
3.554960e+00,  1.800000e+02 
3.420314e+00,  1.800000e+02 
3.273814e+00,  1.800000e+02 
3.113980e+00,  1.800000e+02 
2.939625e+00,  1.800000e+02 
2.749879e+00,  1.800000e+02 
2.544217e+00,  1.800000e+02 
2.322468e+00,  1.800000e+02 
2.084818e+00,  1.800000e+02 
1.831802e+00,  1.800000e+02 
1.564282e+00,  1.800000e+02 
1.283420e+00,  1.800000e+02 
9.906458e-01,  1.800000e+02 
6.876068e-01,  1.800000e+02 
3.761249e-01,  1.800000e+02 
5.814266e-02,  1.800000e+02 
2.643311e-01,  0.000000e+00 
5.892756e-01,  0.000000e+00 
9.147113e-01,  0.000000e+00 
1.238750e+00,  0.000000e+00 
1.559642e+00,  0.000000e+00 
1.875813e+00,  0.000000e+00 
2.185900e+00,  0.000000e+00 
2.488777e+00,  0.000000e+00 
2.783570e+00,  0.000000e+00 
3.069667e+00,  0.000000e+00 
3.346715e+00,  0.000000e+00 
3.614617e+00,  0.000000e+00 
3.873510e+00,  0.000000e+00 
4.123744e+00,  0.000000e+00 
4.365851e+00,  0.000000e+00 
4.600511e+00,  0.000000e+00 
4.828512e+00,  0.000000e+00 
5.050711e+00,  0.000000e+00 
5.267989e+00,  0.000000e+00 
5.481211e+00,  0.000000e+00 
5.691186e+00,  0.000000e+00 
5.898630e+00,  0.000000e+00 
6.104131e+00,  0.000000e+00 
6.308127e+00,  0.000000e+00 
6.510877e+00,  0.000000e+00 
6.712451e+00,  0.000000e+00 
6.912718e+00,  0.000000e+00 
7.111349e+00,  0.000000e+00 
7.307817e+00,  0.000000e+00 
7.501410e+00,  0.000000e+00 
7.691252e+00,  0.000000e+00 
7.876321e+00,  0.000000e+00 
8.055476e+00,  0.000000e+00 
8.227491e+00,  0.000000e+00 
8.391083e+00,  0.000000e+00 
8.544945e+00,  0.000000e+00 
8.687783e+00,  0.000000e+00 
8.818343e+00,  0.000000e+00 
8.935443e+00,  0.000000e+00 
9.038002e+00,  0.000000e+00 
9.125054e+00,  0.000000e+00 
9.195778e+00,  0.000000e+00 
9.249501e+00,  0.000000e+00 
9.285712e+00,  0.000000e+00 
9.304062e+00,  0.000000e+00 
9.304361e+00,  0.000000e+00 
9.286577e+00,  0.000000e+00 
9.250814e+00,  0.000000e+00 
9.197306e+00,  0.000000e+00 
9.126396e+00,  0.000000e+00 
9.038510e+00,  0.000000e+00 
8.934144e+00,  0.000000e+00 
8.813833e+00,  0.000000e+00 
8.678135e+00,  0.000000e+00 
8.527605e+00,  0.000000e+00 
8.362778e+00,  0.000000e+00 
8.184152e+00,  0.000000e+00 
7.992173e+00,  0.000000e+00 
7.787224e+00,  0.000000e+00 
7.569621e+00,  0.000000e+00 
7.339606e+00,  0.000000e+00 
7.097353e+00,  0.000000e+00 
6.842965e+00,  0.000000e+00 
6.576487e+00,  0.000000e+00 
6.297915e+00,  0.000000e+00 
6.007208e+00,  0.000000e+00 
5.704301e+00,  0.000000e+00 
5.389122e+00,  0.000000e+00 
5.061607e+00,  0.000000e+00 
4.721715e+00,  0.000000e+00 
4.369442e+00,  0.000000e+00 
4.004832e+00,  0.000000e+00 
3.627992e+00,  0.000000e+00 
3.239096e+00,  0.000000e+00 
2.838392e+00,  0.000000e+00 
2.426205e+00,  0.000000e+00 
2.002936e+00,  0.000000e+00 
1.569058e+00,  0.000000e+00 
1.125114e+00,  0.000000e+00 
6.717031e-01,  0.000000e+00 
2.094754e-01,  0.000000e+00 
2.608820e-01,  1.800000e+02 
7.386563e-01,  1.800000e+02 
1.223121e+00,  1.800000e+02 
1.713551e+00,  1.800000e+02 
2.209229e+00,  1.800000e+02 
2.709459e+00,  1.800000e+02 
3.213575e+00,  1.800000e+02 
3.720944e+00,  1.800000e+02 
4.230970e+00,  1.800000e+02 
4.743098e+00,  1.800000e+02 
5.256805e+00,  1.800000e+02 
5.771602e+00,  1.800000e+02 
6.287023e+00,  1.800000e+02 
6.802613e+00,  1.800000e+02 
7.317923e+00,  1.800000e+02 
7.832491e+00,  1.800000e+02 
8.345829e+00,  1.800000e+02 
8.857414e+00,  1.800000e+02 
9.366666e+00,  1.800000e+02 
9.872943e+00,  1.800000e+02 
1.037553e+01,  1.800000e+02 
1.087361e+01,  1.800000e+02 
1.136629e+01,  1.800000e+02 
1.185259e+01,  1.800000e+02 
1.233141e+01,  1.800000e+02 
1.280157e+01,  1.800000e+02 
1.326179e+01,  1.800000e+02 
1.371073e+01,  1.800000e+02 
1.414698e+01,  1.800000e+02 
1.456907e+01,  1.800000e+02 
1.497549e+01,  1.800000e+02 
1.536473e+01,  1.800000e+02 
1.573527e+01,  1.800000e+02 
1.608561e+01,  1.800000e+02 
1.641429e+01,  1.800000e+02 
1.671992e+01,  1.800000e+02 
1.700118e+01,  1.800000e+02 
1.725680e+01,  1.800000e+02 
1.748565e+01,  1.800000e+02 
1.768669e+01,  1.800000e+02 
1.785897e+01,  1.800000e+02 
1.800166e+01,  1.800000e+02 
1.811402e+01,  1.800000e+02 
1.819540e+01,  1.800000e+02 
1.824524e+01,  1.800000e+02 
1.826304e+01,  1.800000e+02 
1.824835e+01,  1.800000e+02 
1.820075e+01,  1.800000e+02 
1.811982e+01,  1.800000e+02 
1.800514e+01,  1.800000e+02 
1.785626e+01,  1.800000e+02 
1.767267e+01,  1.800000e+02 
1.745382e+01,  1.800000e+02 
1.719906e+01,  1.800000e+02 
1.690765e+01,  1.800000e+02 
1.657877e+01,  1.800000e+02 
1.621151e+01,  1.800000e+02 
1.580483e+01,  1.800000e+02 
1.535763e+01,  1.800000e+02 
1.486873e+01,  1.800000e+02 
1.433687e+01,  1.800000e+02 
1.376073e+01,  1.800000e+02 
1.313901e+01,  1.800000e+02 
1.247034e+01,  1.800000e+02 
1.175340e+01,  1.800000e+02 
1.098692e+01,  1.800000e+02 
1.016965e+01,  1.800000e+02 
9.300441e+00,  1.800000e+02 
8.378251e+00,  1.800000e+02 
7.402136e+00,  1.800000e+02 
6.371283e+00,  1.800000e+02 
5.285009e+00,  1.800000e+02 
4.142765e+00,  1.800000e+02 
2.944133e+00,  1.800000e+02 
1.688820e+00,  1.800000e+02 
3.766485e-01,  1.800000e+02 
9.924606e-01,  0.000000e+00 
2.418504e+00,  0.000000e+00 
3.901417e+00,  0.000000e+00 
5.441092e+00,  0.000000e+00 
7.037401e+00,  0.000000e+00 
8.690211e+00,  0.000000e+00 
1.039940e+01,  0.000000e+00 
1.216489e+01,  0.000000e+00 
1.398660e+01,  0.000000e+00 
1.586452e+01,  0.000000e+00 
1.779864e+01,  0.000000e+00 
1.978895e+01,  0.000000e+00 
2.183547e+01,  0.000000e+00 
2.393812e+01,  0.000000e+00 
2.609676e+01,  0.000000e+00 
2.831110e+01,  0.000000e+00 
3.058066e+01,  0.000000e+00 
3.290467e+01,  0.000000e+00 
3.528206e+01,  0.000000e+00 
3.771133e+01,  0.000000e+00 
4.019048e+01,  0.000000e+00 
4.271696e+01,  0.000000e+00 
4.528760e+01,  0.000000e+00 
4.789849e+01,  0.000000e+00 
5.054498e+01,  0.000000e+00 
5.322157e+01,  0.000000e+00 
5.592192e+01,  0.000000e+00 
5.863880e+01,  0.000000e+00 
6.136405e+01,  0.000000e+00 
6.408866e+01,  0.000000e+00 
6.680272e+01,  0.000000e+00 
6.949550e+01,  0.000000e+00 
7.215550e+01,  0.000000e+00 
7.477056e+01,  0.000000e+00 
7.732792e+01,  0.000000e+00 
7.981436e+01,  0.000000e+00 
8.221634e+01,  0.000000e+00 
8.452015e+01,  0.000000e+00 
8.671204e+01,  0.000000e+00 
8.877842e+01,  0.000000e+00 
9.070603e+01,  0.000000e+00 
9.248211e+01,  0.000000e+00 
9.409456e+01,  0.000000e+00 
9.553214e+01,  0.000000e+00 
9.678460e+01,  0.000000e+00 
9.784288e+01,  0.000000e+00 
9.869918e+01,  0.000000e+00 
9.934711e+01,  0.000000e+00 
9.978182e+01,  0.000000e+00 
1.000000e+02,  0.000000e+00 
1.000000e+02,  0.000000e+00 
9.978182e+01,  0.000000e+00 
9.934711e+01,  0.000000e+00 
9.869918e+01,  0.000000e+00 
9.784288e+01,  0.000000e+00 
9.678460e+01,  0.000000e+00 
9.553214e+01,  0.000000e+00 
9.409456e+01,  0.000000e+00 
9.248211e+01,  0.000000e+00 
9.070603e+01,  0.000000e+00 
8.877842e+01,  0.000000e+00 
8.671204e+01,  0.000000e+00 
8.452015e+01,  0.000000e+00 
8.221634e+01,  0.000000e+00 
7.981436e+01,  0.000000e+00 
7.732792e+01,  0.000000e+00 
7.477056e+01,  0.000000e+00 
7.215550e+01,  0.000000e+00 
6.949550e+01,  0.000000e+00 
6.680272e+01,  0.000000e+00 
6.408866e+01,  0.000000e+00 
6.136405e+01,  0.000000e+00 
5.863880e+01,  0.000000e+00 
5.592192e+01,  0.000000e+00 
5.322157e+01,  0.000000e+00 
5.054498e+01,  0.000000e+00 
4.789849e+01,  0.000000e+00 
4.528760e+01,  0.000000e+00 
4.271696e+01,  0.000000e+00 
4.019048e+01,  0.000000e+00 
3.771133e+01,  0.000000e+00 
3.528206e+01,  0.000000e+00 
3.290467e+01,  0.000000e+00 
3.058066e+01,  0.000000e+00 
2.831110e+01,  0.000000e+00 
2.609676e+01,  0.000000e+00 
2.393812e+01,  0.000000e+00 
2.183547e+01,  0.000000e+00 
1.978895e+01,  0.000000e+00 
1.779864e+01,  0.000000e+00 
1.586452e+01,  0.000000e+00 
1.398660e+01,  0.000000e+00 
1.216489e+01,  0.000000e+00 
1.039940e+01,  0.000000e+00 
8.690211e+00,  0.000000e+00 
7.037401e+00,  0.000000e+00 
5.441092e+00,  0.000000e+00 
3.901417e+00,  0.000000e+00 
2.418504e+00,  0.000000e+00 
9.924606e-01,  0.000000e+00 
3.766485e-01,  1.800000e+02 
1.688820e+00,  1.800000e+02 
2.944133e+00,  1.800000e+02 
4.142765e+00,  1.800000e+02 
5.285009e+00,  1.800000e+02 
6.371283e+00,  1.800000e+02 
7.402136e+00,  1.800000e+02 
8.378251e+00,  1.800000e+02 
9.300441e+00,  1.800000e+02 
1.016965e+01,  1.800000e+02 
1.098692e+01,  1.800000e+02 
1.175340e+01,  1.800000e+02 
1.247034e+01,  1.800000e+02 
1.313901e+01,  1.800000e+02 
1.376073e+01,  1.800000e+02 
1.433687e+01,  1.800000e+02 
1.486873e+01,  1.800000e+02 
1.535763e+01,  1.800000e+02 
1.580483e+01,  1.800000e+02 
1.621151e+01,  1.800000e+02 
1.657877e+01,  1.800000e+02 
1.690765e+01,  1.800000e+02 
1.719906e+01,  1.800000e+02 
1.745382e+01,  1.800000e+02 
1.767267e+01,  1.800000e+02 
1.785626e+01,  1.800000e+02 
1.800514e+01,  1.800000e+02 
1.811982e+01,  1.800000e+02 
1.820075e+01,  1.800000e+02 
1.824835e+01,  1.800000e+02 
1.826304e+01,  1.800000e+02 
1.824524e+01,  1.800000e+02 
1.819540e+01,  1.800000e+02 
1.811402e+01,  1.800000e+02 
1.800166e+01,  1.800000e+02 
1.785897e+01,  1.800000e+02 
1.768669e+01,  1.800000e+02 
1.748565e+01,  1.800000e+02 
1.725680e+01,  1.800000e+02 
1.700118e+01,  1.800000e+02 
1.671992e+01,  1.800000e+02 
1.641429e+01,  1.800000e+02 
1.608561e+01,  1.800000e+02 
1.573527e+01,  1.800000e+02 
1.536473e+01,  1.800000e+02 
1.497549e+01,  1.800000e+02 
1.456907e+01,  1.800000e+02 
1.414698e+01,  1.800000e+02 
1.371073e+01,  1.800000e+02 
1.326179e+01,  1.800000e+02 
1.280157e+01,  1.800000e+02 
1.233141e+01,  1.800000e+02 
1.185259e+01,  1.800000e+02 
1.136629e+01,  1.800000e+02 
1.087361e+01,  1.800000e+02 
1.037553e+01,  1.800000e+02 
9.872943e+00,  1.800000e+02 
9.366666e+00,  1.800000e+02 
8.857414e+00,  1.800000e+02 
8.345829e+00,  1.800000e+02 
7.832491e+00,  1.800000e+02 
7.317923e+00,  1.800000e+02 
6.802613e+00,  1.800000e+02 
6.287023e+00,  1.800000e+02 
5.771602e+00,  1.800000e+02 
5.256805e+00,  1.800000e+02 
4.743098e+00,  1.800000e+02 
4.230970e+00,  1.800000e+02 
3.720944e+00,  1.800000e+02 
3.213575e+00,  1.800000e+02 
2.709459e+00,  1.800000e+02 
2.209229e+00,  1.800000e+02 
1.713551e+00,  1.800000e+02 
1.223121e+00,  1.800000e+02 
7.386563e-01,  1.800000e+02 
2.608820e-01,  1.800000e+02 
2.094754e-01,  0.000000e+00 
6.717031e-01,  0.000000e+00 
1.125114e+00,  0.000000e+00 
1.569058e+00,  0.000000e+00 
2.002936e+00,  0.000000e+00 
2.426205e+00,  0.000000e+00 
2.838392e+00,  0.000000e+00 
3.239096e+00,  0.000000e+00 
3.627992e+00,  0.000000e+00 
4.004832e+00,  0.000000e+00 
4.369442e+00,  0.000000e+00 
4.721715e+00,  0.000000e+00 
5.061607e+00,  0.000000e+00 
5.389122e+00,  0.000000e+00 
5.704301e+00,  0.000000e+00 
6.007208e+00,  0.000000e+00 
6.297915e+00,  0.000000e+00 
6.576487e+00,  0.000000e+00 
6.842965e+00,  0.000000e+00 
7.097353e+00,  0.000000e+00 
7.339606e+00,  0.000000e+00 
7.569621e+00,  0.000000e+00 
7.787224e+00,  0.000000e+00 
7.992173e+00,  0.000000e+00 
8.184152e+00,  0.000000e+00 
8.362778e+00,  0.000000e+00 
8.527605e+00,  0.000000e+00 
8.678135e+00,  0.000000e+00 
8.813833e+00,  0.000000e+00 
8.934144e+00,  0.000000e+00 
9.038510e+00,  0.000000e+00 
9.126396e+00,  0.000000e+00 
9.197306e+00,  0.000000e+00 
9.250814e+00,  0.000000e+00 
9.286577e+00,  0.000000e+00 
9.304361e+00,  0.000000e+00 
9.304062e+00,  0.000000e+00 
9.285712e+00,  0.000000e+00 
9.249501e+00,  0.000000e+00 
9.195778e+00,  0.000000e+00 
9.125054e+00,  0.000000e+00 
9.038002e+00,  0.000000e+00 
8.935443e+00,  0.000000e+00 
8.818343e+00,  0.000000e+00 
8.687783e+00,  0.000000e+00 
8.544945e+00,  0.000000e+00 
8.391083e+00,  0.000000e+00 
8.227491e+00,  0.000000e+00 
8.055476e+00,  0.000000e+00 
7.876321e+00,  0.000000e+00 
7.691252e+00,  0.000000e+00 
7.501410e+00,  0.000000e+00 
7.307817e+00,  0.000000e+00 
7.111349e+00,  0.000000e+00 
6.912718e+00,  0.000000e+00 
6.712451e+00,  0.000000e+00 
6.510877e+00,  0.000000e+00 
6.308127e+00,  0.000000e+00 
6.104131e+00,  0.000000e+00 
5.898630e+00,  0.000000e+00 
5.691186e+00,  0.000000e+00 
5.481211e+00,  0.000000e+00 
5.267989e+00,  0.000000e+00 
5.050711e+00,  0.000000e+00 
4.828512e+00,  0.000000e+00 
4.600511e+00,  0.000000e+00 
4.365851e+00,  0.000000e+00 
4.123744e+00,  0.000000e+00 
3.873510e+00,  0.000000e+00 
3.614617e+00,  0.000000e+00 
3.346715e+00,  0.000000e+00 
3.069667e+00,  0.000000e+00 
2.783570e+00,  0.000000e+00 
2.488777e+00,  0.000000e+00 
2.185900e+00,  0.000000e+00 
1.875813e+00,  0.000000e+00 
1.559642e+00,  0.000000e+00 
1.238750e+00,  0.000000e+00 
9.147113e-01,  0.000000e+00 
5.892756e-01,  0.000000e+00 
2.643311e-01,  0.000000e+00 
5.814266e-02,  1.800000e+02 
3.761249e-01,  1.800000e+02 
6.876068e-01,  1.800000e+02 
9.906458e-01,  1.800000e+02 
1.283420e+00,  1.800000e+02 
1.564282e+00,  1.800000e+02 
1.831802e+00,  1.800000e+02 
2.084818e+00,  1.800000e+02 
2.322468e+00,  1.800000e+02 
2.544217e+00,  1.800000e+02 
2.749879e+00,  1.800000e+02 
2.939625e+00,  1.800000e+02 
3.113980e+00,  1.800000e+02 
3.273814e+00,  1.800000e+02 
3.420314e+00,  1.800000e+02 
3.554960e+00,  1.800000e+02 
3.679474e+00,  1.800000e+02 
3.795778e+00,  1.800000e+02 
3.905932e+00,  1.800000e+02 
4.012076e+00,  1.800000e+02 
4.116362e+00,  1.800000e+02 
4.220893e+00,  1.800000e+02 
4.327651e+00,  1.800000e+02 
4.438437e+00,  1.800000e+02 
4.554813e+00,  1.800000e+02 
4.678047e+00,  1.800000e+02 
4.809072e+00,  1.800000e+02 
4.948448e+00,  1.800000e+02 
5.096339e+00,  1.800000e+02 
5.252499e+00,  1.800000e+02 
5.416271e+00,  1.800000e+02 
5.586601e+00,  1.800000e+02 
5.762055e+00,  1.800000e+02 
5.940859e+00,  1.800000e+02 
6.120938e+00,  1.800000e+02 
6.299974e+00,  1.800000e+02 
6.475468e+00,  1.800000e+02 
6.644803e+00,  1.800000e+02 
6.805317e+00,  1.800000e+02 
6.954377e+00,  1.800000e+02 
7.089454e+00,  1.800000e+02 
7.208188e+00,  1.800000e+02 
7.308458e+00,  1.800000e+02 
7.388441e+00,  1.800000e+02 
7.446662e+00,  1.800000e+02 
7.482037e+00,  1.800000e+02 
7.493903e+00,  1.800000e+02 
##END 
