##TITLE= Parameter file, TopSpin 3.6.5
##JCAMPDX= 5.0
##DATATYPE= Parameter Values
##NPOINTS= 8	$$ modification sequence number
##ORIGIN= Bruker BioSpin GmbH
##OWNER= nmrsu
$$ 2024-01-26 09:53:09.528 +0100  nmrsu@CZC603BPWK
$$ /reference/MENMR/ubiCN/25/TEST_HNCO/1023/pdata/23/clevels
$$ process /opt/topspin3.6.5/prog/mod/dataserver
##$LEVELS= (0..255)
-235421.561044976 -130789.756136098 -72660.9756311654 -40367.2086839808
-22426.227046656 -12459.01502592 -6921.6750144 -3845.375008 3845.375008
6921.6750144 12459.01502592 22426.227046656 40367.2086839808 72660.9756311654
130789.756136098 235421.561044976 0 0 0 0 0 0 0 0 0 0 0 0 0 0 0 0 0 0 0
0 0 0 0 0 0 0 0 0 0 0 0 0 0 0 0 0 0 0 0 0 0 0 0 0 0 0 0 0 0 0 0 0 0 0 0
0 0 0 0 0 0 0 0 0 0 0 0 0 0 0 0 0 0 0 0 0 0 0 0 0 0 0 0 0 0 0 0 0 0 0 0
0 0 0 0 0 0 0 0 0 0 0 0 0 0 0 0 0 0 0 0 0 0 0 0 0 0 0 0 0 0 0 0 0 0 0 0
0 0 0 0 0 0 0 0 0 0 0 0 0 0 0 0 0 0 0 0 0 0 0 0 0 0 0 0 0 0 0 0 0 0 0 0
0 0 0 0 0 0 0 0 0 0 0 0 0 0 0 0 0 0 0 0 0 0 0 0 0 0 0 0 0 0 0 0 0 0 0 0
0 0 0 0 0 0 0 0 0 0 0 0 0 0 0 0 0 0 0 0 0 0 0 0 0 0 0 0 0 0 0 0 0 0 0 0
0 0 0 0 0
##$LEVSIGN= 3
##$MAXLEV= 8
##$METHOD= 0
##$NEGBASE= -3845.375008
##$NEGINCR= 1.8
##$POSBASE= 3845.375008
##$POSINCR= 1.8
##END=
