##TITLE= Parameter file, TopSpin 3.6.5
##JCAMPDX= 5.0
##DATATYPE= Parameter Values
##NPOINTS= 8	$$ modification sequence number
##ORIGIN= Bruker BioSpin GmbH
##OWNER= nmrsu
$$ 2024-01-28 13:09:40.341 +0100  nmrsu@CZC603BPWK
$$ /reference/MENMR/ubiCN/25/HNCO/1523/pdata/123/clevels
$$ process /opt/topspin3.6.5/prog/mod/dataserver
##$LEVELS= (0..255)
-896328.390110224 -497960.216727902 -276644.564848835 -153691.424916019
-85384.124953344 -47435.62497408 -26353.1249856 -14640.624992 14640.624992
26353.1249856 47435.62497408 85384.124953344 153691.424916019 276644.564848835
497960.216727902 896328.390110224 0 0 0 0 0 0 0 0 0 0 0 0 0 0 0 0 0 0 0
0 0 0 0 0 0 0 0 0 0 0 0 0 0 0 0 0 0 0 0 0 0 0 0 0 0 0 0 0 0 0 0 0 0 0 0
0 0 0 0 0 0 0 0 0 0 0 0 0 0 0 0 0 0 0 0 0 0 0 0 0 0 0 0 0 0 0 0 0 0 0 0
0 0 0 0 0 0 0 0 0 0 0 0 0 0 0 0 0 0 0 0 0 0 0 0 0 0 0 0 0 0 0 0 0 0 0 0
0 0 0 0 0 0 0 0 0 0 0 0 0 0 0 0 0 0 0 0 0 0 0 0 0 0 0 0 0 0 0 0 0 0 0 0
0 0 0 0 0 0 0 0 0 0 0 0 0 0 0 0 0 0 0 0 0 0 0 0 0 0 0 0 0 0 0 0 0 0 0 0
0 0 0 0 0 0 0 0 0 0 0 0 0 0 0 0 0 0 0 0 0 0 0 0 0 0 0 0 0 0 0 0 0 0 0 0
0 0 0 0 0
##$LEVSIGN= 3
##$MAXLEV= 8
##$METHOD= 0
##$NEGBASE= -14640.624992
##$NEGINCR= 1.8
##$POSBASE= 14640.624992
##$POSINCR= 1.8
##END=
