##TITLE= BURBOP180y
##JCAMP-DX= 5.00 Bruker JCAMP library
##DATA TYPE= Shape Data
##ORIGIN= Burkhard Luy
##OWNER= <nmrsu>
##DATE= 2011/04/29
##TIME= 13:14:27
##$SHAPE_PARAMETERS= Type: BURBOP180y
##MINX= 
##MAXX= 100
##MINY=
##MAXY=
##$SHAPE_EXMODE= Refocusing
##$SHAPE_TOTROT= 9.000000E01
##$SHAPE_TYPE= Refocusing
##$SHAPE_USER_DEF= 
##$SHAPE_REPHFAC= 
##$SHAPE_BWFAC= 0.000000E00
##$SHAPE_BWFAC50= 
##$SHAPE_INTEGFAC= 4.113341E-01
##$SHAPE_MODE= 1
##NPOINTS= 500
##XYPOINTS= (XY..XY)
 100.0000030452, 	   278.11267232 
  99.9999971343, 	   278.21019821 
  99.9999954773, 	   278.31643333 
 100.0000032844, 	   278.43243879 
  99.9999996499, 	   278.55951188 
 100.0000013637, 	   278.69920462 
  99.9999969756, 	   278.85363777 
 100.0000048597, 	   279.02519620 
 100.0000000961, 	   279.21638646 
  99.9999967242, 	   279.43062132 
  99.9999956110, 	   279.67259595 
  99.9999985504, 	   279.94834201 
 100.0000050732, 	   280.26536278 
 100.0000045046, 	   280.63426746 
  99.9999977081, 	   281.06922748 
 100.0000040233, 	   281.58862213 
  99.9999975019, 	   282.21438031 
 100.0000023112, 	   282.97164336 
  99.9999980446, 	   283.89717643 
 100.0000019327, 	   285.04609721 
 100.0000034239, 	   286.49680577 
 100.0000004344, 	   288.36184603 
  99.9999994243, 	   290.81356046 
 100.0000035671, 	   294.15665497 
  99.9999980998, 	   298.97617627 
 100.0000016203, 	   306.47280607 
 100.0000037797, 	   319.36488923 
  99.9999988878, 	   343.16783938 
  99.9999964874, 	    18.11942775 
 100.0000007482, 	    45.51610160 
  99.9999971740, 	    60.14488854 
  99.9999967833, 	    67.94406907 
  99.9999996988, 	    72.47972904 
  99.9999961572, 	    75.32171049 
  99.9999963585, 	    77.19836597 
  99.9999993240, 	    78.48058937 
 100.0000050713, 	    79.37334027 
 100.0000045073, 	    79.99752651 
 100.0000035038, 	    80.42849878 
 100.0000004849, 	    80.71539235 
  99.9999959627, 	    80.89150261 
 100.0000005786, 	    80.98000723 
 100.0000010034, 	    80.99727158 
 100.0000004176, 	    80.95500847 
  99.9999966617, 	    80.86179716 
  99.9999984443, 	    80.72421081 
 100.0000042041, 	    80.54731381 
  99.9999967280, 	    80.33480301 
  99.9999987364, 	    80.08930375 
  99.9999977854, 	    79.81272785 
 100.0000032148, 	    79.50643494 
  99.9999990134, 	    79.17131320 
 100.0000013194, 	    78.80788813 
  99.9999991697, 	    78.41638383 
 100.0000014386, 	    77.99677209 
 100.0000028008, 	    77.54860696 
 100.0000001061, 	    77.07110926 
 100.0000006115, 	    76.56346230 
  99.9999954533, 	    76.02477506 
  99.9999978394, 	    75.45407083 
  99.9999961304, 	    74.84978233 
  99.9999956347, 	    74.20998763 
 100.0000049241, 	    73.53293852 
  99.9999942938, 	    72.81674712 
 100.0000002090, 	    72.05890282 
  99.9999945778, 	    71.25604743 
  99.9999980248, 	    70.40431591 
 100.0000015798, 	    69.49995026 
  99.9999989743, 	    68.53901373 
  99.9999971494, 	    67.51707342 
 100.0000034644, 	    66.42911766 
 100.0000048313, 	    65.26954774 
  99.9999989719, 	    64.03212699 
  99.9999982544, 	    62.70989340 
 100.0000011123, 	    61.29508795 
 100.0000005512, 	    59.77905894 
 100.0000006352, 	    58.15222382 
 100.0000026243, 	    56.40410411 
  99.9999946359, 	    54.52351156 
 100.0000002484, 	    52.49868779 
 100.0000003941, 	    50.31746207 
  99.9999945626, 	    47.96743041 
 100.0000026334, 	    45.43628579 
  99.9999994897, 	    42.71229073 
  99.9999953294, 	    39.78484257 
 100.0000004170, 	    36.64528386 
  99.9999959900, 	    33.28787437 
  99.9999995354, 	    29.71098534 
 100.0000010109, 	    25.91819903 
 100.0000053777, 	    21.91928630 
 100.0000024571, 	    17.73105033 
  99.9999998730, 	    13.37772514 
 100.0000052886, 	     8.89066920 
 100.0000040080, 	     4.30746205 
  99.9999953245, 	   359.67032971 
 100.0000038038, 	   355.02396281 
  99.9999994524, 	   350.41301895 
 100.0000030455, 	   345.87956597 
  99.9999989255, 	   341.46088414 
  99.9999948473, 	   337.18795230 
 100.0000010161, 	   333.08461256 
 100.0000054395, 	   329.16754937 
  99.9999973347, 	   325.44672982 
 100.0000011294, 	   321.92629250 
  99.9999989032, 	   318.60555725 
  99.9999999714, 	   315.48016817 
  99.9999984246, 	   312.54307566 
 100.0000013664, 	   309.78542871 
  99.9999948804, 	   307.19732534 
  99.9999999982, 	   304.76834439 
  99.9999949766, 	   302.48791644 
  99.9999959146, 	   300.34560039 
  99.9999995708, 	   298.33129150 
 100.0000022219, 	   296.43537334 
 100.0000052734, 	   294.64878245 
  99.9999967709, 	   292.96303744 
 100.0000009312, 	   291.37027453 
 100.0000043286, 	   289.86323257 
 100.0000044228, 	   288.43519161 
  99.9999997447, 	   287.07995973 
  99.9999955535, 	   285.79178080 
 100.0000038912, 	   284.56532079 
  99.9999994792, 	   283.39564136 
 100.0000027674, 	   282.27816900 
  99.9999990706, 	   281.20865333 
 100.0000013518, 	   280.18310372 
 100.0000002025, 	   279.19776607 
  99.9999975988, 	   278.24906682 
 100.0000034023, 	   277.33359605 
 100.0000045489, 	   276.44806716 
  99.9999960745, 	   275.58928070 
  99.9999999072, 	   274.75408160 
 100.0000042809, 	   273.93932851 
 100.0000031934, 	   273.14188720 
  99.9999961190, 	   272.35844467 
  99.9999951786, 	   271.58550215 
 100.0000030203, 	   270.81927733 
  99.9999971324, 	   270.05562848 
  99.9999991216, 	   269.28993814 
  99.9999964017, 	   268.51697375 
  99.9999948969, 	   267.73069429 
 100.0000020453, 	   266.92372707 
 100.0000005810, 	   266.08731338 
 100.0000007413, 	   265.21222637 
 100.0000047650, 	   264.28938520 
  99.9999963750, 	   263.30819954 
 100.0000019079, 	   262.25054544 
  99.9999975405, 	   261.08692110 
 100.0000016664, 	   259.77830473 
 100.0000005844, 	   258.27307150 
  99.9999950235, 	   256.49573695 
  99.9999966154, 	   254.32678274 
 100.0000047693, 	   251.56982722 
 100.0000015262, 	   247.87897118 
  99.9999971233, 	   242.56387163 
 100.0000036961, 	   233.85510580 
  99.9999961702, 	   213.34487180 
  99.8198288113, 	    86.50644919 
 100.0000017253, 	    57.39541557 
  99.9999973408, 	    52.10165432 
 100.0000041510, 	    50.16266635 
  99.9999994085, 	    49.32512385 
 100.0000039395, 	    48.99230566 
 100.0000054895, 	    48.93782941 
  99.9999973854, 	    49.05673253 
  99.9999995678, 	    49.29358347 
  99.9999994870, 	    49.61633930 
 100.0000003441, 	    50.00518394 
  99.9999954257, 	    50.44722223 
 100.0000002654, 	    50.93368880 
  99.9999968701, 	    51.45844184 
 100.0000042717, 	    52.01706303 
 100.0000069318, 	    52.60629479 
  99.9999974129, 	    53.22369391 
  99.9999994853, 	    53.86739907 
 100.0000039574, 	    54.53597469 
 100.0000001088, 	    55.22827977 
 100.0000027983, 	    55.94340112 
  99.9999993026, 	    56.68059876 
 100.0000024051, 	    57.43926064 
  99.9999983355, 	    58.21889369 
  99.9999977296, 	    59.01905263 
  99.9999987862, 	    59.83936651 
 100.0000023222, 	    60.67948368 
  99.9999975033, 	    61.53907469 
  99.9999979421, 	    62.41781859 
  99.9999951152, 	    63.31538971 
  99.9999994622, 	    64.23145898 
 100.0000005100, 	    65.16568412 
 100.0000004219, 	    66.11768965 
 100.0000019609, 	    67.08707204 
 100.0000008856, 	    68.07340004 
 100.0000018030, 	    69.07619587 
  99.9999970215, 	    70.09495091 
  99.9999961516, 	    71.12909733 
 100.0000034103, 	    72.17802313 
 100.0000053537, 	    73.24105355 
  99.9999963156, 	    74.31747536 
 100.0000019595, 	    75.40650464 
 100.0000049461, 	    76.50729910 
 100.0000011361, 	    77.61896134 
  99.9999973357, 	    78.74053122 
 100.0000041308, 	    79.87098910 
  99.9999984370, 	    81.00926191 
 100.0000048352, 	    82.15420582 
 100.0000016204, 	    83.30463472 
 100.0000035853, 	    84.45930060 
  99.9999951963, 	    85.61690746 
  99.9999991762, 	    86.77611624 
  99.9999971351, 	    87.93553583 
  99.9999990243, 	    89.09373778 
  99.9999964340, 	    90.24927754 
  99.9999989431, 	    91.40065463 
 100.0000006629, 	    92.54636930 
  99.9999989252, 	    93.68488221 
  99.9999982967, 	    94.81465959 
 100.0000038102, 	    95.93415604 
  99.9999969078, 	    97.04182212 
  99.9999961409, 	    98.13611872 
  99.9999951626, 	    99.21551044 
 100.0000035292, 	   100.27849941 
  99.9999966870, 	   101.32358048 
 100.0000021681, 	   102.34928192 
  99.9999980720, 	   103.35417490 
  99.9999980009, 	   104.33683919 
  99.9999950772, 	   105.29591105 
  99.9999994447, 	   106.23005521 
  99.9999967978, 	   107.13797260 
 100.0000031252, 	   108.01842947 
 100.0000061809, 	   108.87022860 
  99.9999952217, 	   109.69221391 
 100.0000051728, 	   110.48329556 
 100.0000035049, 	   111.24241097 
 100.0000038860, 	   111.96856145 
  99.9999985777, 	   112.66078295 
  99.9999984222, 	   113.31816751 
 100.0000006748, 	   113.93985830 
 100.0000010322, 	   114.52503445 
  99.9999979186, 	   115.07291602 
 100.0000017560, 	   115.58274856 
 100.0000013084, 	   116.05383092 
 100.0000034830, 	   116.48549802 
 100.0000039719, 	   116.87711560 
  99.9999973342, 	   117.22808305 
  99.9999955451, 	   117.53783336 
 100.0000012133, 	   117.80583310 
 100.0000019705, 	   118.03156966 
 100.0000050698, 	   118.21455803 
  99.9999999829, 	   118.35434320 
  99.9999963741, 	   118.45049860 
 100.0000024891, 	   118.50260971 
  99.9999964849, 	   118.51029871 
 100.0000028781, 	   118.47321586 
 100.0000031754, 	   118.39103625 
  99.9999984264, 	   118.26346087 
  99.9999953785, 	   118.09022133 
 100.0000007684, 	   117.87108141 
 100.0000018206, 	   117.60584844 
  99.9999984509, 	   117.29435531 
 100.0000003196, 	   116.93647852 
  99.9999995991, 	   116.53215579 
 100.0000001509, 	   116.08135410 
  99.9999972279, 	   115.58409650 
 100.0000002524, 	   115.04045014 
  99.9999992267, 	   114.45055446 
 100.0000010054, 	   113.81461656 
 100.0000038767, 	   113.13292861 
 100.0000007572, 	   112.40583915 
 100.0000062838, 	   111.63378726 
  99.9999949849, 	   110.81729439 
 100.0000000181, 	   109.95702342 
  99.9999961048, 	   109.05376800 
 100.0000029507, 	   108.10841879 
 100.0000004279, 	   107.12196984 
 100.0000001360, 	   106.09554810 
  99.9999959588, 	   105.03040598 
 100.0000010351, 	   103.92792339 
 100.0000039510, 	   102.78962355 
  99.9999997707, 	   101.61715456 
  99.9999970508, 	   100.41228925 
 100.0000037603, 	    99.17692926 
  99.9999972595, 	    97.91309382 
 100.0000001445, 	    96.62292462 
  99.9999966768, 	    95.30865524 
  99.9999966708, 	    93.97265122 
  99.9999990246, 	    92.61732198 
 100.0000035187, 	    91.24516390 
 100.0000040089, 	    89.85871993 
 100.0000023864, 	    88.46057517 
  99.9999962524, 	    87.05335429 
  99.9999947579, 	    85.63968576 
  99.9999960046, 	    84.22217155 
  99.9999993357, 	    82.80338610 
  99.9999990256, 	    81.38584564 
  99.9999985566, 	    79.97201293 
 100.0000014315, 	    78.56428800 
 100.0000000106, 	    77.16499066 
 100.0000033436, 	    75.77631640 
  99.9999996530, 	    74.40036999 
 100.0000042274, 	    73.03912060 
  99.9999968869, 	    71.69442656 
  99.9999955105, 	    70.36801499 
 100.0000036872, 	    69.06148603 
  99.9999990588, 	    67.77631429 
 100.0000015159, 	    66.51384276 
 100.0000047855, 	    65.27530060 
  99.9999977705, 	    64.06180834 
  99.9999974071, 	    62.87438074 
 100.0000001628, 	    61.71391896 
  99.9999981265, 	    60.58123830 
  99.9999982937, 	    59.47708603 
 100.0000006038, 	    58.40210615 
  99.9999966653, 	    57.35691622 
  99.9999997707, 	    56.34207041 
 100.0000002322, 	    55.35813122 
 100.0000005388, 	    54.40561404 
 100.0000013781, 	    53.48509437 
  99.9999960819, 	    52.59715223 
  99.9999976979, 	    51.74242904 
 100.0000049738, 	    50.92163184 
  99.9999992533, 	    50.13559513 
 100.0000010247, 	    49.38531538 
 100.0000062332, 	    48.67201276 
  99.9999937033, 	    47.99716764 
  99.9999991653, 	    47.36260074 
 100.0000019694, 	    46.77055932 
  99.9999977436, 	    46.22388632 
 100.0000016359, 	    45.72618036 
  99.9999983197, 	    45.28207745 
  99.9999998084, 	    44.89757591 
 100.0000027394, 	    44.58052404 
  99.9999981128, 	    44.34137394 
 100.0000029279, 	    44.19435603 
  99.9999977552, 	    44.15931161 
  99.9999994070, 	    44.26470723 
 100.0000008473, 	    44.55281150 
  99.9999964255, 	    45.08914756 
 100.0000020978, 	    45.98125408 
 100.0000005879, 	    47.41914298 
 100.0000053494, 	    49.77397414 
  99.9999999056, 	    53.88231671 
 100.0000012694, 	    62.08958888 
  99.9999998821, 	    83.62997585 
  99.9999981916, 	   150.62621368 
  99.9999990304, 	   202.25122488 
  99.9999972236, 	   220.60032455 
  99.9999969098, 	   229.92785189 
  99.9999979911, 	   235.78295438 
  99.9999950217, 	   239.89511319 
  99.9999946320, 	   242.99453883 
  99.9999987283, 	   245.45045166 
 100.0000025100, 	   247.47121775 
  99.9999998550, 	   249.18460075 
 100.0000012415, 	   250.67447032 
  99.9999953822, 	   251.99855896 
 100.0000013753, 	   253.19811476 
 100.0000028980, 	   254.30261000 
 100.0000046327, 	   255.33316038 
 100.0000031058, 	   256.30552891 
 100.0000021308, 	   257.23242544 
 100.0000014642, 	   258.12464365 
  99.9999959174, 	   258.99137233 
 100.0000020505, 	   259.84038433 
 100.0000016966, 	   260.67835054 
 100.0000008595, 	   261.51106559 
  99.9999995770, 	   262.34361411 
  99.9999970261, 	   263.18048863 
  99.9999986655, 	   264.02577253 
  99.9999975736, 	   264.88324288 
  99.9999984118, 	   265.75644565 
  99.9999984337, 	   266.64873857 
  99.9999950144, 	   267.56336405 
  99.9999970456, 	   268.50351616 
  99.9999994531, 	   269.47241300 
 100.0000018512, 	   270.47329716 
 100.0000021223, 	   271.50948292 
 100.0000002859, 	   272.58438305 
  99.9999982324, 	   273.70150962 
 100.0000024162, 	   274.86453557 
  99.9999999476, 	   276.07728177 
  99.9999953140, 	   277.34378710 
  99.9999962651, 	   278.66829489 
 100.0000004969, 	   280.05529991 
 100.0000045726, 	   281.50955154 
 100.0000024175, 	   283.03603940 
 100.0000053972, 	   284.64004744 
  99.9999981645, 	   286.32710328 
 100.0000033601, 	   288.10301757 
  99.9999986594, 	   289.97381805 
 100.0000032721, 	   291.94572887 
  99.9999977171, 	   294.02508127 
  99.9999995449, 	   296.21822283 
 100.0000003710, 	   298.53138621 
  99.9999956436, 	   300.97053657 
 100.0000029336, 	   303.54113224 
  99.9999971146, 	   306.24786638 
 100.0000027772, 	   309.09430607 
 100.0000012716, 	   312.08253300 
  99.9999987609, 	   315.21270022 
 100.0000031432, 	   318.48264490 
  99.9999999319, 	   321.88740844 
 100.0000013054, 	   325.41886492 
 100.0000010869, 	   329.06546249 
 100.0000024236, 	   332.81207402 
 100.0000047346, 	   336.64014349 
 100.0000018584, 	   340.52796135 
 100.0000012323, 	   344.45128483 
  99.9999955476, 	   348.38413766 
 100.0000021205, 	   352.29982009 
  99.9999971226, 	   356.17197177 
  99.9999990525, 	   359.97562064 
  99.9999978036, 	     3.68808024 
 100.0000006206, 	     7.28968870 
 100.0000013407, 	    10.76421632 
  99.9999964088, 	    14.09905461 
  99.9999968746, 	    17.28521009 
  99.9999970890, 	    20.31710365 
  99.9999952838, 	    23.19224611 
  99.9999945902, 	    25.91084971 
  99.9999979671, 	    28.47536183 
 100.0000039660, 	    30.89003979 
  99.9999951705, 	    33.16050702 
 100.0000040459, 	    35.29334864 
 100.0000000220, 	    37.29574328 
  99.9999959184, 	    39.17522295 
  99.9999997620, 	    40.93941310 
 100.0000006093, 	    42.59587680 
  99.9999972401, 	    44.15190885 
  99.9999973175, 	    45.61445877 
  99.9999984611, 	    46.99003796 
 100.0000046676, 	    48.28476454 
  99.9999958684, 	    49.50436418 
  99.9999944245, 	    50.65408978 
 100.0000007096, 	    51.73857767 
  99.9999978263, 	    52.76181629 
  99.9999983800, 	    53.72798207 
  99.9999996603, 	    54.64144463 
  99.9999982796, 	    55.50577906 
 100.0000009269, 	    56.32401348 
  99.9999971964, 	    57.09929949 
 100.0000036873, 	    57.83484340 
  99.9999975538, 	    58.53262247 
  99.9999974204, 	    59.19379313 
  99.9999989211, 	    59.81992853 
 100.0000023358, 	    60.41281441 
 100.0000004061, 	    60.97399752 
  99.9999989900, 	    61.50481500 
 100.0000020055, 	    62.00646768 
  99.9999992877, 	    62.48001337 
 100.0000012776, 	    62.92632176 
 100.0000005358, 	    63.34608410 
 100.0000020655, 	    63.73966946 
  99.9999969062, 	    64.10719552 
 100.0000063397, 	    64.44859107 
 100.0000035290, 	    64.76345160 
 100.0000027103, 	    65.05095482 
 100.0000004067, 	    65.30976696 
 100.0000027664, 	    65.53787120 
 100.0000028094, 	    65.73236342 
 100.0000001879, 	    65.88914470 
  99.9999953678, 	    66.00243496 
 100.0000045700, 	    66.06399173 
  99.9999957783, 	    66.06181424 
  99.9999998836, 	    65.97812476 
  99.9999995943, 	    65.78577339 
 100.0000042737, 	    65.44163422 
  99.9999953640, 	    64.87331612 
  99.9999977250, 	    63.95023058 
 100.0000004591, 	    62.41284175 
 100.0000006540, 	    59.66958384 
 100.0000024584, 	    54.06332912 
  99.9999974682, 	    39.17681130 
 100.0000049772, 	   346.23712910 
 100.0000038599, 	   292.04461670 
 100.0000028602, 	   277.57620906 
 100.0000033977, 	   272.11018203 
  99.9999958032, 	   269.25621684 
 100.0000011045, 	   267.48894784 
  99.9999953401, 	   266.29346066 
  99.9999969480, 	   265.44259911 
 100.0000021751, 	   264.81524492 
 100.0000005377, 	   264.34100450 
  99.9999997246, 	   263.97418736 
  99.9999964298, 	   263.68257437 
 100.0000038398, 	   263.44576857 
 100.0000027662, 	   263.25278674 
 100.0000031932, 	   263.09400596 
  99.9999992233, 	   262.95956936 
 100.0000004587, 	   262.84139612 
 100.0000026966, 	   262.73440938 
 100.0000020546, 	   262.63586068 
 100.0000014497, 	   262.54394688 
  99.9999968469, 	   262.45752723 
  99.9999951079, 	   262.37582493 
 100.0000041761, 	   262.29857140 
 100.0000013446, 	   262.22526404 
 100.0000016908, 	   262.15531026 
 100.0000000511, 	   262.08839306 
  99.9999951313, 	   262.02427652 
  99.9999984846, 	   261.96284706 
##END
###     ./UR_250_oct/temp_UR180_250u                          
###    Cost           0.97719372036
###    Date, Time     2012.02.06, 18:07:36
###    Parallelization=02, autothread=00.      Running 02 threads on 08 processors     
###    rhoI -> rhoF: 01 Iz  ->01 Ix            
###    unitary:      01 Iy
###    uniangle =    180.000
###    npulses=      500
###    timestep/us=   0.500
###    plength/us=    250.000
###
###    BW_I/Hz=         20000.0
###    Number OffsI=    100
###    maxrf_I/Hz=    10000.0
###    Number B1=       5
###    B1 dev +-%=      20.00
###    Center J=        0.0000
###    Number J=        1
###    Range J=         70.00
###    Method=          Conjugated Gradients
###    Amplitude=       truncation to MaxRf
###
###  Ampl X/Hz, Ampl Y/Hz,  Duration/us