0 0 0 0
14 87 86 75
51 67 52 52
80 42 64 54
44 32 66 74
6 36 45 56
89 55 27 70
25 36 90 5
14 38 1 72
12 20 2 19
4 47 54 38
6 67 87 2
72 26 15 16
40 31 12 29
8 72 28 64
70 54 47 37
13 72 79 25
89 17 64 48
27 62 90 11
20 3 16 5
20 25 65 25
59 68 20 87
18 37 79 25
13 16 84 43
9 62 45 78
60 79 65 21
72 26 12 53
29 73 29 76
86 5 66 27
27 8 57 54
81 43 24 36
83 27 20 52
3 29 55 20
70 80 51 48
72 17 30 20
13 12 26 25
27 35 37 23
22 36 4 49
68 9 66 22
78 61 13 56
61 1 83 64
2 6 28 34
27 24 47 9
7 80 32 3
12 8 8 32
28 20 24 37
42 64 10 58
8 79 44 39
14 4 38 7
77 10 27 18
80 67 71 50
88 64 71 74
73 15 8 66
64 0 41 31
56 65 73 32
39 9 3 6
12 26 41 74
71 7 69 31
73 6 89 59
62 81 18 29
24 1 7 1
88 66 38 67
22 60 87 66
22 70 83 47
87 41 87 11
32 87 10 10
10 15 72 19
6 36 83 43
52 76 66 23
44 55 63 82
33 10 87 71
47 34 20 61
34 80 6 38
85 0 34 45
17 42 7 35
13 14 10 4
59 7 3 51
18 20 32 5
19 50 39 87
28 45 33 7
50 84 42 26
5 26 9 68
3 20 33 10
54 43 11 38
82 12 34 3
75 63 54 90
2 75 50 27
70 60 67 36
61 51 73 60
55 66 60 70
33 54 62 65
30 49 3 40
80 73 27 55
84 41 65 49
89 72 59 5
27 40 10 58
84 43 49 74
44 41 21 54
53 72 90 26
85 47 26 54
72 58 36 83
36 14 41 54
18 22 70 66
33 28 7 55
70 73 81 16
54 51 15 65
22 58 46 50
72 6 84 31
72 3 87 79
73 24 22 88
42 25 23 31
64 23 36 54
81 54 6 6
33 32 8 51
67 56 88 12
75 48 17 51
47 70 62 76
4 49 51 57
23 55 69 47
27 82 83 0
11 66 70 25
66 12 75 44
41 50 87 88
56 80 38 39
57 66 70 72
0 14 37 46
45 34 24 18
6 70 47 6
2 46 16 89
24 13 62 86
45 35 57 58
30 42 46 15
31 36 47 59
69 23 70 2
72 81 65 0
59 45 83 79
89 64 67 68
29 9 68 9
64 82 55 49
36 18 75 84
61 61 24 8
39 46 75 12
28 53 38 36
18 58 34 72
22 20 13 20
62 40 89 76
67 24 28 81
87 66 65 15
58 81 70 59
53 66 67 88
65 32 81 42
64 10 37 78
4 71 15 38
0 44 72 8
19 58 10 89
44 74 71 91
28 28 64 13
59 75 14 20
36 38 55 22
19 61 19 80
52 51 49 39
21 33 35 77
86 3 63 16
76 35 85 22
89 72 47 17
83 37 12 30
3 58 12 83
69 60 2 20
25 48 39 18
78 19 7 25
16 80 38 31
36 49 85 20
27 39 42 37
12 15 21 1
84 82 56 41
32 48 74 10
24 2 58 54
77 34 0 19
73 6 26 89
75 3 71 54
13 84 54 60
48 8 18 76
36 0 42 10
26 8 3 81
7 85 3 34
16 67 39 43
47 32 90 39
70 10 52 18
59 66 40 13
48 62 46 45
24 14 22 9
12 19 18 45
68 23 18 43
63 35 12 15
11 14 55 65
31 67 81 91
4 86 42 36
87 3 3 54
39 29 21 37
45 33 57 40
29 77 48 62
19 38 1 54
77 51 4 66
2 25 82 8
43 77 46 30
27 48 79 74
74 57 0 83
55 61 83 48
11 2 15 84
16 19 17 40
16 40 70 47
81 39 54 15
25 67 39 48
52 45 67 17
83 42 64 67
31 17 29 75
10 57 88 47
39 71 73 13
34 46 52 40
62 10 32 54
49 70 0 28
44 73 74 57
9 59 52 79
44 52 87 48
78 4 70 14
73 77 77 67
82 44 86 87
57 86 90 8
74 65 86 17
52 82 2 71
74 73 84 21
66 50 55 39
61 73 0 47
53 76 42 83
10 7 64 5
68 39 1 18
72 66 16 91
75 33 56 17
79 12 74 33
18 28 48 15
1 4 25 70
46 61 84 78
11 75 59 13
66 14 53 70
12 48 77 33
65 9 84 86
69 18 68 47
5 45 77 33
43 26 46 38
59 6 2 85
75 43 21 71
45 2 31 41
34 21 89 72
0 75 37 64
11 32 66 31
54 68 79 78
85 40 84 16
72 67 50 13
63 22 8 31
35 50 68 63
9 82 57 83
64 82 34 45
47 55 55 8
22 20 53 79
86 5 69 26
22 59 57 11
33 10 76 65
42 37 77 4
11 77 10 35
29 83 28 42
45 16 86 18
81 28 43 85
61 32 63 28
74 62 61 40
23 2 13 91
20 37 65 33
30 86 7 70
22 10 14 30
65 72 27 66
79 47 72 32
35 57 32 90
43 39 4 7
46 13 0 17
39 14 11 79
25 4 29 16
70 72 44 88
35 0 84 42
80 40 75 17
76 71 87 85
40 1 0 2
46 39 69 7
2 53 69 15
59 52 70 58
22 80 59 55
40 28 9 83
61 31 88 43
37 30 18 25
79 56 3 9
53 7 74 90
69 51 47 11
23 13 21 3
4 44 85 25
2 53 16 33
77 77 67 36
8 40 65 58
86 58 73 55
33 42 34 12
67 62 55 60
27 55 12 77
11 69 79 49
50 24 39 78
55 70 39 8
30 20 5 56
1 44 35 0
85 69 86 28
0 87 4 68
77 72 22 89
37 27 82 87
64 32 21 9
73 67 55 30
24 60 28 1
64 21 56 89
51 26 50 16
61 45 79 83
82 64 62 66
24 83 20 80
62 62 21 19
76 30 2 90
32 40 84 15
56 79 26 18
17 26 58 61
42 79 67 27
29 18 53 67
10 72 23 72
25 10 51 58
87 72 0 60
88 50 75 83
35 24 8 61
60 61 48 80
50 85 47 66
22 8 33 58
28 55 35 51
45 17 1 76
88 1 22 66
40 22 18 84
27 10 18 11
58 16 86 38
82 38 89 66
73 39 1 64
82 59 62 60
10 76 62 32
30 33 53 17
51 31 18 34
74 13 50 37
86 63 79 74
18 79 37 20
72 38 56 76
73 33 47 22
43 5 42 48
0 11 27 14
22 27 67 90
62 68 42 9
65 15 87 17
73 72 16 40
22 10 73 53
29 77 91 23
57 66 33 60
79 12 22 88
61 30 62 46
67 77 69 20
8 36 79 46
76 78 71 70
44 27 87 20
18 43 11 0
41 59 4 89
80 61 7 17
45 75 83 41
54 43 43 32
18 60 89 9
69 58 75 48
14 71 46 82
73 71 22 58
69 72 35 21
1 59 40 53
36 21 26 90
9 21 56 4
66 30 32 22
35 45 58 76
56 36 62 75
18 3 65 18
72 55 16 0
72 6 48 69
62 18 29 63
49 46 86 8
74 77 59 84
38 66 52 38
72 23 3 34
78 41 73 67
59 66 1 34
53 43 61 69
69 33 23 18
65 12 1 21
50 44 29 42
68 79 59 79
39 56 39 78
77 24 75 5
80 1 83 30
58 24 88 66
40 34 39 49
68 66 55 5
42 75 71 42
87 55 73 14
36 8 11 10
9 5 26 72
10 72 63 54
74 73 69 84
2 34 90 50
5 8 76 75
81 46 43 19
31 39 30 61
35 47 28 51
52 77 79 61
68 19 26 43
65 10 5 29
64 29 41 3
0 63 19 3
42 28 3 30
74 40 55 8
13 28 7 41
75 43 21 44
48 11 56 48
79 20 53 19
64 52 50 91
70 72 90 72
39 36 5 54
35 61 7 41
54 77 62 78
36 21 6 6
54 59 73 13
46 36 32 35
33 47 51 89
50 9 65 75
15 5 15 8
45 1 44 73
10 33 25 63
42 71 17 4
20 25 70 70
65 76 81 39
57 31 2 27
77 29 16 39
22 33 9 59
51 39 77 3
60 46 47 56
13 10 47 74
6 52 53 11
25 53 61 30
3 45 67 18
40 66 27 40
41 19 21 0
51 60 29 29
50 65 40 2
88 8 65 68
28 11 62 19
40 65 3 14
75 47 52 5
17 63 37 61
51 56 42 8
84 85 52 47
77 3 40 12
28 0 70 58
54 66 16 8
50 30 28 20
4 25 24 36
16 71 11 26
52 20 16 71
77 76 17 25
72 86 86 89
84 0 75 55
49 82 46 19
6 53 29 64
62 72 6 32
43 34 67 90
3 43 90 8
46 55 46 14
46 40 36 74
74 15 39 45
38 22 64 70
69 42 44 18
35 54 31 33
64 69 4 8
10 72 12 87
61 77 50 80
58 78 56 23
39 50 75 29
57 26 11 32
89 72 61 30
36 75 38 11
49 5 15 76
83 76 5 58
68 11 17 6
